confirmed_exoplanets_table.ecsv
# %ECSV 1.0
# ---
# datatype:
# - {name: ra, unit: deg, datatype: float64}
# - {name: dec, unit: deg, datatype: float64}
# - name: pl_name
#   datatype: string
#   description: Planet Name
#   meta: !!omap
#   - {_votable_string_dtype: char}
# - name: hostname
#   datatype: string
#   description: Host Name
#   meta: !!omap
#   - {_votable_string_dtype: char}
# - {name: pl_orbeccen, datatype: float64}
# - {name: pl_orbsmax, unit: AU, datatype: float64}
# - {name: pl_orbper, unit: d, datatype: float64}
# - {name: st_mass, unit: Msun, datatype: float64}
# - {name: pl_bmassj, unit: jupiterMass, datatype: float64}
# - {name: pl_radj, unit: jupiterRad, datatype: float64}
# - {name: pl_dens, unit: g / cm3, datatype: float64}
# - {name: pl_eqt, unit: K, datatype: float64}
# - {name: st_rad, unit: Rsun, datatype: float64}
# - {name: st_teff, unit: K, datatype: float64}
# - {name: sy_gaiamag, unit: mag, datatype: float64}
# meta: !!omap
# - __serialized_columns__:
#     dec:
#       __class__: astropy.units.quantity.Quantity
#       unit: &id001 !astropy.units.Unit {unit: deg}
#       value: !astropy.table.SerializedColumn
#         __class__: astropy.utils.masked.core.MaskedNDArray
#         data: !astropy.table.SerializedColumn {name: dec}
#     pl_bmassj:
#       __class__: astropy.units.quantity.Quantity
#       unit: !astropy.units.Unit {unit: jupiterMass}
#       value: !astropy.table.SerializedColumn
#         __class__: astropy.utils.masked.core.MaskedNDArray
#         data: !astropy.table.SerializedColumn {name: pl_bmassj}
#     pl_dens:
#       __class__: astropy.units.quantity.Quantity
#       unit: !astropy.units.Unit {unit: g / cm3}
#       value: !astropy.table.SerializedColumn
#         __class__: astropy.utils.masked.core.MaskedNDArray
#         data: !astropy.table.SerializedColumn {name: pl_dens}
#     pl_eqt:
#       __class__: astropy.units.quantity.Quantity
#       unit: &id002 !astropy.units.Unit {unit: K}
#       value: !astropy.table.SerializedColumn
#         __class__: astropy.utils.masked.core.MaskedNDArray
#         data: !astropy.table.SerializedColumn {name: pl_eqt}
#     pl_orbper:
#       __class__: astropy.units.quantity.Quantity
#       unit: !astropy.units.Unit {unit: d}
#       value: !astropy.table.SerializedColumn
#         __class__: astropy.utils.masked.core.MaskedNDArray
#         data: !astropy.table.SerializedColumn {name: pl_orbper}
#     pl_orbsmax:
#       __class__: astropy.units.quantity.Quantity
#       unit: !astropy.units.Unit {unit: AU}
#       value: !astropy.table.SerializedColumn
#         __class__: astropy.utils.masked.core.MaskedNDArray
#         data: !astropy.table.SerializedColumn {name: pl_orbsmax}
#     pl_radj:
#       __class__: astropy.units.quantity.Quantity
#       unit: !astropy.units.Unit {unit: jupiterRad}
#       value: !astropy.table.SerializedColumn
#         __class__: astropy.utils.masked.core.MaskedNDArray
#         data: !astropy.table.SerializedColumn {name: pl_radj}
#     ra:
#       __class__: astropy.units.quantity.Quantity
#       unit: *id001
#       value: !astropy.table.SerializedColumn
#         __class__: astropy.utils.masked.core.MaskedNDArray
#         data: !astropy.table.SerializedColumn {name: ra}
#     st_mass:
#       __class__: astropy.units.quantity.Quantity
#       unit: !astropy.units.Unit {unit: Msun}
#       value: !astropy.table.SerializedColumn
#         __class__: astropy.utils.masked.core.MaskedNDArray
#         data: !astropy.table.SerializedColumn {name: st_mass}
#     st_rad:
#       __class__: astropy.units.quantity.Quantity
#       unit: !astropy.units.Unit {unit: Rsun}
#       value: !astropy.table.SerializedColumn
#         __class__: astropy.utils.masked.core.MaskedNDArray
#         data: !astropy.table.SerializedColumn {name: st_rad}
#     st_teff:
#       __class__: astropy.units.quantity.Quantity
#       unit: *id002
#       value: !astropy.table.SerializedColumn
#         __class__: astropy.utils.masked.core.MaskedNDArray
#         data: !astropy.table.SerializedColumn {name: st_teff}
#     sy_gaiamag:
#       __class__: astropy.units.quantity.Quantity
#       unit: !astropy.units.Unit {unit: mag}
#       value: !astropy.table.SerializedColumn
#         __class__: astropy.utils.masked.core.MaskedNDArray
#         data: !astropy.table.SerializedColumn {name: sy_gaiamag}
# schema: astropy-2.0
ra dec pl_name hostname pl_orbeccen pl_orbsmax pl_orbper st_mass pl_bmassj pl_radj pl_dens pl_eqt st_rad st_teff sy_gaiamag
[from data line 5536]
274.0142917 -25.7746667 "OGLE-2019-BLG-0960L b" OGLE-2019-BLG-0960L nan 1.9 nan 0.5 0.00787 0.124 5.12 nan nan nan nan
348.3604055 11.0649832 "HD 219139 b" "HD 219139" 0.11 0.94 275.5 1.46 0.78 1.24 0.496 nan 11.22 4831.0 5.57762
27.1628025 37.9527542 "HD 10975 b" "HD 10975" 0.442 0.95 283.8 1.41 0.45 1.28 0.269 nan 11.16 4840.0 5.67103
18.495343 16.4942738 "HIP 5763 b" "HIP 5763" 0.054 0.17 30.014 0.72 0.51 1.27 0.311 nan 0.75 4352.0 9.39022
301.5785316 44.3121639 "Kepler-1705 b" Kepler-1705 0.033 0.08 9.03502 1.14 0.01406 0.181 2.977353 789.0 1.26 6312.0 15.4974
269.8211667 -31.9976389 "KMT-2021-BLG-0912L b" KMT-2021-BLG-0912L nan 3.14 nan 0.8 0.00884 0.133 4.67 nan nan nan nan
265.589875 -26.31715 "KMT-2017-BLG-2509L b" KMT-2017-BLG-2509L nan 2.14 nan 0.46 2.09 1.19 1.52 nan nan nan nan
263.96425 -29.5858611 "OGLE-2017-BLG-1099L b" OGLE-2017-BLG-1099L nan 2.73 nan 0.45 3.02 1.17 2.35 nan nan nan nan
266.6794583 -23.5843111 "OGLE-2019-BLG-0299L b" OGLE-2019-BLG-0299L nan 2.8 nan 0.59 6.22 1.14 5.3 nan nan nan nan
265.2825417 -35.5947 "KMT-2018-BLG-1988L b" KMT-2018-BLG-1988L nan 3.09 nan 0.47 0.01749 0.198 2.79 nan nan nan nan
130.7988719 13.0094226 "K2-372 b" K2-372 nan nan 9.844077 0.85 0.0283 0.263 1.93 nan 0.92 5479.0 13.4436
20.4998403 0.7509701 "K2-384 b" K2-384 nan nan 2.231527 0.33 0.00398 0.096 5.56 nan 0.35 3623.0 15.0276
288.0267612 -21.0075789 "K2-381 c" K2-381 nan nan 16.034656 0.75 0.0147 0.178 3.2 nan 0.68 4473.0 12.6373
332.6357627 -11.1661157 "K2-368 b" K2-368 nan nan 5.025598 0.75 0.00735 0.119 5.44 nan 0.66 4663.0 13.2207
283.0317641 -27.1807287 "K2-379 b" K2-379 nan nan 8.777247 0.86 0.017 0.195 2.86 nan 0.75 4603.0 12.8995
348.5159113 -0.0821031 "K2-393 b" K2-393 nan nan 10.413181 0.88 0.0193 0.21 2.59 nan 1.07 5678.0 11.7768
238.8197061 -21.0269691 "K2-365 b" K2-365 nan nan 23.448172 0.82 0.0276 0.259 1.97 nan 1.05 5561.0 11.5285
332.6357627 -11.1661157 "K2-368 c" K2-368 nan nan 9.660186 0.75 0.00762 0.121 5.27 nan 0.66 4663.0 13.2207
20.4998403 0.7509701 "K2-384 c" K2-384 nan nan 4.194766 0.33 0.00572 0.106 5.92 nan 0.35 3623.0 15.0276
19.4418282 11.3684915 "K2-387 b" K2-387 nan nan 28.735327 0.57 0.133 0.653 0.591 nan 0.59 3572.0 15.4948
69.8241791 22.3508662 "LkCa 15 b" "LkCa 15" nan 14.7 nan nan nan nan nan nan 1.61 4194.0 11.5887
130.5013137 20.3593003 "K2-375 b" K2-375 nan nan 14.453895 1.12 0.0178 0.2 2.76 nan 1.54 5822.0 12.9572
287.4125267 -19.6269336 "K2-382 b" K2-382 nan nan 21.700156 0.92 0.0156 0.185 3.06 nan 0.81 5452.0 12.7667
337.6178427 -7.972456 "EPIC 206317286 c" "EPIC 206317286" nan nan 17.515472 0.83 0.0158 0.187 3.01 nan 0.76 4752.0 13.774
243.6800912 -19.3468837 "K2-366 b" K2-366 nan nan 15.937039 0.83 0.0194 0.21 2.58 nan 0.94 5601.0 12.1351
123.1361518 13.6884986 "K2-373 b" K2-373 nan nan 11.02066 1.16 0.0154 0.184 3.08 nan 1.49 6138.0 10.4244
202.897887 -12.0951142 "K2-377 b" K2-377 nan nan 12.832235 0.82 0.011 0.151 3.97 nan 0.69 4200.0 13.5859
337.8588454 -13.2644554 "K2-367 b" K2-367 nan nan 20.645099 0.76 0.0202 0.215 2.51 nan 0.62 4348.0 13.3983
288.0267612 -21.0075789 "K2-381 d" K2-381 nan nan 26.803023 0.75 0.011 0.151 3.99 nan 0.68 4473.0 12.6373
282.008765 -18.3795798 "K2-383 b" K2-383 nan nan 1.865962 1.06 0.00965 0.14 4.41 nan 0.8 5129.0 12.4429
20.4998403 0.7509701 "K2-384 e" K2-384 nan nan 9.715043 0.33 0.00747 0.12 5.35 nan 0.35 3623.0 15.0276
12.6140752 5.8712567 "K2-385 b" K2-385 nan nan 2.380867 0.93 0.00939 0.137 4.49 nan 0.76 4844.0 14.3355
18.2999964 7.0130302 "K2-386 b" K2-386 nan nan 7.473223 0.91 0.0189 0.207 2.64 nan 0.97 5749.0 12.9931
329.7262534 -10.8750666 "K2-369 b" K2-369 nan nan 5.761612 0.73 0.00717 0.117 5.53 nan 0.88 5682.0 11.3732
283.4346389 -26.5387308 "K2-380 b" K2-380 nan nan 9.401312 0.99 0.0248 0.243 2.13 nan 1.32 5911.0 11.4419
205.1596569 -11.1172332 "K2-378 b" K2-378 nan nan 2.060438 0.92 0.0272 0.257 1.99 nan 0.73 4823.0 15.5122
20.4998403 0.7509701 "K2-384 f" K2-384 nan nan 13.62749 0.33 0.0175 0.198 2.79 nan 0.35 3623.0 15.0276
288.0267612 -21.0075789 "K2-381 b" K2-381 nan nan 7.9389334 0.75 0.00396 0.096 5.57 nan 0.68 4473.0 12.6373
332.6357627 -11.1661157 "K2-368 d" K2-368 nan nan 20.201085 0.75 0.014 0.174 3.31 nan 0.66 4663.0 13.2207
20.4998403 0.7509701 "K2-384 d" K2-384 nan nan 6.679582 0.33 0.00792 0.124 5.13 nan 0.35 3623.0 15.0276
247.8670682 72.6125804 "HD 150010 b" "HD 150010" 0.2 1.4 562.0 1.3 2.4 1.18 1.78 nan 16.2 4153.0 5.86642
267.540708 -34.6731944 "OGLE-2005-BLG-071L b" OGLE-2005-BLG-071L nan 3.6 nan 0.46 3.8 1.16 3.0 55.0 nan nan nan
73.9410446 30.5510888 "AB Aur b" "AB Aur" 0.4 93.9 nan 2.4 9.0 1.12 8.05 nan 2.96 9770.0 7.07854
100.1951714 9.2573953 "CoRoTID 223977153 b" "CoRoTID 223977153" nan 0.071 6.71837 1.08 0.15 0.57 1.1 938.0 0.79 5970.0 13.5867
287.0874563 42.6686537 "Kepler-1950 b" Kepler-1950 0.0 0.0871 10.77690029 0.76 0.00927 0.136 4.55 752.0 0.85 5455.0 14.5569
296.022301 44.7326691 "Kepler-1959 b" Kepler-1959 0.0 0.0617 6.38669014 0.77 0.00494 0.102 5.78 811.0 0.81 5071.0 14.5568
284.9685077 42.0791214 "Kepler-196 b" Kepler-196 0.0 0.138 20.739886 0.85 0.0134 0.17 3.42 536.0 0.78 5128.0 14.1033
294.6969361 46.7202043 "Kepler-1960 b" Kepler-1960 0.0 0.0354 2.29794002 1.12 0.00712 0.117 5.56 1547.0 1.07 6371.0 15.0761
90.6436658 -0.5771099 "Gaia-1 b" Gaia-1 nan 0.04047 3.052524 0.95 1.68 1.229 1.12 nan 0.95 5470.0 12.9988
144.2994103 -43.272721 "HD 83443 c" "HD 83443" 0.76 8.0 8241.0 1.0 1.5 1.21 1.04 nan 0.94 5442.0 8.0265
230.9613022 17.4605347 "Ross 508 b" "Ross 508" 0.33 0.05366 10.77 0.18 0.01259 0.163 3.59 nan 0.21 3071.0 12.2066
286.4714473 49.6490933 "Kepler-324 c" Kepler-324 0.0 0.26 51.805612 0.87 0.0317 0.281 1.78 410.0 0.84 5194.0 14.0909
292.8401421 26.6172796 "HD 184010 b" "HD 184010" 0.0 0.94 286.6 1.35 0.31 1.08 0.306 nan 4.86 4971.0 5.64508
292.8401421 26.6172796 "HD 184010 c" "HD 184010" 0.0 1.334 484.3 1.35 0.3 1.06 0.319 nan 4.86 4971.0 5.64508
285.1863974 38.6111112 "KIC 3526061 b" "KIC 3526061" 0.85 5.14 3552.0 1.42 18.15 1.08 17.9 nan 5.86 4829.0 9.99106
268.4235 -29.8075667 "MOA-2020-BLG-135L b" MOA-2020-BLG-135L nan 1.11 nan 0.23 0.03555 0.301 1.62 nan nan nan nan
307.4182976 -39.0323568 "NGTS-25 b" NGTS-25 0.0 0.0388 2.823093 0.91 0.639 1.023 0.74 1101.0 0.86 5321.0 14.0864
269.65925 -29.1366667 "OGLE-2006-BLG-284L A b" "OGLE-2006-BLG-284L A" nan 2.17 nan 0.35 0.45307 1.27 0.271 nan nan nan nan
266.489125 -33.8428111 "KMT-2021-BLG-1077L b" KMT-2021-BLG-1077L nan 1.26 nan 0.14 0.22 0.88 0.401 nan nan nan nan
272.4249167 -29.2241528 "MOA-2007-BLG-400L b" MOA-2007-BLG-400L nan 5.9 nan 0.69 1.7 1.2 1.21 34.0 nan nan nan
266.62325 -24.2722694 "OGLE-2017-BLG-1806L b" OGLE-2017-BLG-1806L nan 1.75 nan 0.38 0.01658 0.192 2.91 nan nan nan nan
270.0964583 -28.6311389 "OGLE-2019-BLG-1492L b" OGLE-2019-BLG-1492L nan 2.7 nan 0.68 0.11673 0.606 0.651 nan nan nan nan
306.5242477 58.5753044 "Wolf 1069 b" "Wolf 1069" nan 0.0672 15.564 0.17 0.00396 0.096 5.5 250.1 0.18 3158.0 12.3653
266.44725 -26.2663694 "KMT-2016-BLG-1105L b" KMT-2016-BLG-1105L nan 2.44 nan 0.41 0.0073 0.118 5.42 nan nan nan nan
269.3385833 -28.6746389 "KMT-2019-BLG-0953L b" KMT-2019-BLG-0953L nan 1.1 nan 0.28 0.04877 0.362 1.27 nan nan nan nan
267.6172083 -29.2792806 "KMT-2021-BLG-1253L b" KMT-2021-BLG-1253L nan 1.52 nan 0.24 0.05994 0.409 1.08 nan nan nan nan
267.8825833 -29.5654722 "KMT-2019-BLG-0253L b" KMT-2019-BLG-0253L nan 3.1 nan 0.7 0.02895 0.266 1.89 nan nan nan nan
267.6298333 -31.9240556 "OGLE-2018-BLG-0506L b" OGLE-2018-BLG-0506L nan 3.0 nan 0.63 0.05129 0.373 1.23 nan nan nan nan
269.640125 -31.2623889 "OGLE-2018-BLG-0516L b" OGLE-2018-BLG-0516L nan 2.2 nan 0.47 0.06324 0.422 1.04 nan nan nan nan
270.166375 -27.3415833 "OGLE-2019-BLG-1053L b" OGLE-2019-BLG-1053L nan 3.4 nan 0.61 0.0078 0.123 5.19 nan nan nan nan
270.5440417 -27.5806694 "KMT-2019-BLG-1042L b" KMT-2019-BLG-1042L nan 1.7 nan 0.3 0.19 0.807 0.448 nan nan nan nan
271.38525 -28.4902806 "KMT-2017-BLG-0428L b" KMT-2017-BLG-0428L nan 1.81 nan 0.34 0.01759 0.199 2.77 nan nan nan nan
269.5957917 -27.5669389 "KMT-2019-BLG-1552L b" KMT-2019-BLG-1552L nan 2.6 nan 0.79 4.05 1.16 3.22 nan nan nan nan
270.6835833 -28.0605 "KMT-2021-BLG-1391L b" KMT-2021-BLG-1391L nan 2.29 nan 0.37 0.01432 0.176 3.27 nan nan nan nan
130.0744755 -71.8768726 "HD 74698 c" "HD 74698" 0.2 4.5 3449.0 1.04 0.4 1.24 0.252 nan 1.33 5783.0 7.60959
163.9746776 -35.1145225 "HD 94771 b" "HD 94771" 0.39 3.48 2164.0 1.2 0.53 1.27 0.324 nan 1.9 5631.0 7.17929
290.2379403 -82.5597883 "LHS 475 b" "LHS 475" 0.0 0.02037 2.029088 0.26 0.00296 0.088 5.31 586.0 0.28 3300.0 11.4174
283.9774949 44.8115613 "Kepler-725 b" Kepler-725 0.0 0.215 39.64317811 0.88 0.25 0.948 0.363 472.0 0.84 5363.0 14.9929
276.1240717 -29.7805318 "HD 169142 b" "HD 169142" nan 37.2 nan 1.85 3.0 1.17 2.33 nan 1.54 7246.0 8.05449
292.0552827 0.1218359 "CoRoT-3 b" CoRoT-3 0.0 0.05783 4.2568 1.37 21.66 1.01 26.4 1695.0 1.56 6740.0 13.2188
281.9712347 43.6727839 "Kepler-880 c" Kepler-880 0.0 0.1216 11.8061737 1.71 0.0271 0.282 2.0 1407.0 2.6 6900.0 11.9642
295.8254663 42.9433716 "Kepler-1987 c" Kepler-1987 0.0 0.0427 3.64830183 0.8 0.00733 0.151 5.44 860.0 0.71 4769.0 15.505
282.0612731 47.0854984 "Kepler-311 b" Kepler-311 0.0 0.087 9.176092 1.08 0.0111 0.152 3.95 960.0 1.19 5905.0 13.7537
285.691955 45.6893993 "Kepler-1126 b" Kepler-1126 0.0 0.4126 108.593329 0.92 0.0115 0.154 3.86 374.0 0.93 5798.0 14.0207
293.9886751 46.7179996 "Kepler-1859 c" Kepler-1859 0.0 0.0473 3.59645081 1.09 0.0107 0.153 4.07 1327.0 1.24 5887.0 15.1088
287.7808115 47.6298453 "Kepler-164 e" Kepler-164 0.0 0.4025 94.886902 0.97 0.0525 0.357 1.2 429.0 1.1 5888.0 14.2329
287.9754691 38.7402988 "Kepler-1981 b" Kepler-1981 0.0 1.3292 453.54212 1.52 0.197 0.84 0.437 390.0 3.01 5874.0 13.3811
287.4099905 39.6586267 "Kepler-1982 b" Kepler-1982 0.0 0.0511 3.82315697 1.21 0.0012 0.077 4.59 1282.0 1.12 6202.0 12.6166
297.042015 39.9121864 "Kepler-1983 b" Kepler-1983 0.0 0.0689 7.32851947 0.81 0.019 0.147 2.62 807.0 0.87 5135.0 14.3031
291.2850446 40.7300225 "Kepler-1984 b" Kepler-1984 0.0 0.0238 1.99281234 0.45 0.117 0.072 0.649 675.0 0.42 3638.0 15.8683
288.3278778 47.381538 "Kepler-656 b" Kepler-656 0.0 0.0232 1.26025909 0.86 0.0312 0.278 1.79 1569.0 0.82 5281.0 15.337
295.34273 46.6022134 "Kepler-1052 c" Kepler-1052 0.0 0.6135 180.921729 0.94 0.0186 0.211 2.66 302.0 0.85 5818.0 14.8614
283.2920273 45.4339813 "Kepler-1162 c" Kepler-1162 0.0 0.2832 59.284064 0.86 0.0124 0.168 3.64 401.0 0.86 5225.0 15.4855
287.7808115 47.6298453 "Kepler-164 d" Kepler-164 0.0 0.187 28.986769 1.09 0.0207 0.219 2.45 637.0 1.15 5888.0 14.2329
290.8490899 48.4159782 "Kepler-619 d" Kepler-619 0.0 0.1021 11.67894236 1.04 0.051 0.391 1.23 830.0 0.96 6122.0 14.6704
292.1445534 47.1573604 "Kepler-763 d" Kepler-763 0.0 0.0634 6.50327035 0.8 0.0108 0.175 4.05 804.0 0.84 4999.0 15.6824
290.54851 38.4952415 "Kepler-975 b" Kepler-975 0.0 0.0303 1.97034246 0.8 0.00879 0.132 4.73 1599.0 0.75 4897.0 14.4518
285.5743032 49.9621218 "Kepler-2000 c" Kepler-2000 0.0 0.1228 20.6180348 0.58 0.00972 0.196 4.39 359.0 0.58 3757.0 15.2639
284.342725 46.3165907 "Kepler-1995 b" Kepler-1995 0.0 0.3259 73.7578875 0.85 0.0533 0.412 1.18 375.0 0.93 5029.0 15.1988
283.4291536 47.5923973 "Kepler-1998 b" Kepler-1998 0.0 0.0405 3.03267135 0.96 0.00049 0.062 3.97 1187.0 0.92 5640.0 12.6024
300.3323404 44.9861065 "Kepler-1518 c" Kepler-1518 0.0 0.0905 9.6310258 1.06 0.0275 0.213 1.97 1094.0 1.34 6432.0 13.2803
297.1487941 46.2969247 "Kepler-1994 b" Kepler-1994 0.0 0.053 4.61225043 0.93 0.00027 0.056 3.6 1032.0 0.96 5495.0 11.8227
282.3705675 48.259234 "Kepler-1999 b" Kepler-1999 0.0 0.0713 8.7396758 0.63 0.0341 0.317 1.67 577.0 0.63 4406.0 16.319
300.3323404 44.9861065 "Kepler-1518 b" Kepler-1518 0.0 0.0593 5.11177904 1.54 0.03 0.272 1.85 1351.0 1.88 6846.0 13.2803
300.3161723 45.4953271 "Kepler-1921 c" Kepler-1921 0.0 0.0454 3.15722086 1.25 0.00809 0.151 5.04 1791.0 2.0 6120.0 12.9842
295.0902409 45.0811045 "Kepler-1992 b" Kepler-1992 0.0 0.1169 15.6112238 0.87 0.00218 0.092 5.05 637.0 0.84 5383.0 13.554
295.1672065 38.637039 "Kepler-1980 b" Kepler-1980 0.0 0.2049 33.0257179 1.05 0.0174 0.254 2.81 564.0 0.99 5819.0 15.5691
295.5864604 49.6668523 "Kepler-1894 c" Kepler-1894 0.0 0.0576 5.05368985 1.0 0.00606 0.142 5.96 1007.0 0.9 5772.0 15.3627
285.691955 45.6893993 "Kepler-1126 c" Kepler-1126 0.0 0.6193 199.66876 0.79 0.00849 0.15 4.87 305.0 0.92 5678.0 14.0207
283.2091605 48.7776156 "Kepler-297 c" Kepler-297 0.0 0.336 74.920137 0.98 0.132 0.583 0.827 409.0 0.92 5619.0 14.1922
282.0612731 47.0854984 "Kepler-311 c" Kepler-311 0.0 0.145 19.738286 1.08 0.00829 0.128 4.94 744.0 1.19 5905.0 13.7537
282.0612731 47.0854984 "Kepler-311 d" Kepler-311 0.0 0.7326 232.040326 0.97 0.0153 0.185 3.1 327.0 1.16 5903.0 13.7537
283.0228527 47.2611431 "Kepler-549 d" Kepler-549 0.0 0.1575 24.61480613 0.86 0.0516 0.406 1.22 586.0 0.99 5312.0 14.6226
285.0570943 46.3206074 "Kepler-864 b" Kepler-864 0.0 0.0687 5.83376092 1.0 0.02 0.214 2.52 1143.0 1.0 5754.0 15.7816
290.7351869 44.091262 "Kepler-1989 b" Kepler-1989 0.0 0.0918 10.16102353 1.0 0.0607 0.425 1.08 904.0 1.06 6032.0 14.6131
285.2166767 41.2824449 "Kepler-1814 b" Kepler-1814 0.0 0.0371 2.93535996 0.79 0.0195 0.211 2.56 1022.0 0.82 4922.0 15.607
289.1995995 49.3056404 "Kepler-347 c" Kepler-347 0.0 0.183 27.320871 1.05 0.0117 0.156 3.8 705.0 1.01 6088.0 14.4892
291.5569554 39.2272923 "Kepler-416 d" Kepler-416 0.0 0.0407 3.07644709 0.95 0.0101 0.154 4.24 1253.0 1.02 5670.0 14.0197
289.6649171 50.0200612 "Kepler-1471 b" Kepler-1471 0.0 0.0453 3.63899398 0.95 0.00809 0.126 5.04 1238.0 0.93 5660.0 15.246
286.4100307 42.6815137 "Kepler-290 b" Kepler-290 0.0 0.11 14.589347 0.8 0.0179 0.201 2.74 594.0 0.74 5147.0 15.5648
92.9361063 -65.8258386 "TOI-712 b" TOI-712 0.54 0.07928 9.531361 0.73 0.0153 0.183 3.1 650.0 0.67 4622.0 10.5785
195.4438496 63.610328 "HD 113337 b" "HD 113337" 0.28 1.022 317.58639 1.41 3.259 1.17 2.53 nan 1.5 6774.0 5.91168
282.7372281 64.419466 "TOI-1749 c" TOI-1749 0.019 0.0443 4.4929 0.58 0.04405 0.189 nan 673.0 0.55 3985.0 13.1798
40.1798608 1.1996757 "TOI-2443 b" TOI-2443 nan nan 15.669494 0.66 0.0255 0.247 2.09 600.83 0.73 4357.0 9.0333
54.0210417 -1.7306944 "WISE J033605.05-014350.4 b" "WISE J033605.05-014350.4" nan 0.97 2560.0 0.01 8.25 1.12 7.2 325.0 nan 415.0 nan
269.2919167 -33.7885194 "KMT-2019-BLG-2783L b" KMT-2019-BLG-2783L nan 1.85 nan 0.34 1.16 1.22 0.788 nan nan nan nan
265.4035 -34.70175 "OGLE-2019-BLG-0249L b" OGLE-2019-BLG-0249L nan 1.84 nan 0.91 7.12 1.13 6.07 nan nan nan nan
265.7404167 -27.7728806 "OGLE-2019-BLG-0679L b" OGLE-2019-BLG-0679L nan 6.99 nan 0.66 3.34 1.17 2.59 nan nan nan nan
300.3161723 45.4953271 "Kepler-1921 b" Kepler-1921 0.0 0.1557 20.03479958 1.25 0.0274 0.258 1.98 967.0 2.0 6120.0 12.9842
297.4303826 39.8478795 "Kepler-1669 b" Kepler-1669 0.0 0.0745 9.51216 0.67 0.0256 0.248 2.08 530.0 0.71 4303.0 15.9088
295.4980737 38.6444499 "Kepler-1487 b" Kepler-1487 0.0 0.0898 7.31946363 1.38 0.0163 0.19 2.95 1682.0 1.63 6541.0 13.4508
283.0228527 47.2611431 "Kepler-549 c" Kepler-549 0.0 0.4453 117.040498 0.88 0.028 0.261 1.95 349.0 0.84 5360.0 14.6226
295.9049795 45.4054296 "Kepler-1610 b" Kepler-1610 0.0 0.0777 8.70181574 0.91 0.0101 0.144 4.24 750.0 0.87 5383.0 15.8137
282.4391402 43.7344291 "Kepler-896 b" Kepler-896 0.0 0.5164 144.547396 0.84 0.0218 0.226 2.35 303.0 0.81 5262.0 15.4307
282.4391402 43.7344291 "Kepler-896 c" Kepler-896 0.0 0.1792 29.5422566 0.88 0.0317 0.277 1.78 515.0 0.8 5510.0 15.4307
289.7473165 39.5234131 "Kepler-1181 c" Kepler-1181 0.0 0.0928 8.93484887 1.34 0.0126 0.156 3.6 1124.0 1.35 6688.0 13.4553
295.1640095 39.2014024 "Kepler-1801 b" Kepler-1801 0.0 0.0915 10.44089985 0.94 0.0245 0.242 2.16 829.0 0.98 5738.0 15.0715
294.6646789 39.7838461 "Kepler-1834 b" Kepler-1834 0.0 0.0496 4.60301018 0.77 0.00858 0.13 4.83 848.0 0.79 4821.0 14.9047
