confirmed_exoplanets_table_orbital_params.ecsv
# %ECSV 1.0
# ---
# datatype:
# - {name: ra, unit: deg, datatype: float64}
# - {name: dec, unit: deg, datatype: float64}
# - {name: pl_orbsmax, unit: AU, datatype: float64}
# - {name: pl_orbeccen, datatype: float64}
# - {name: pl_rvamp, unit: m / s, datatype: float64}
# - {name: pl_orbper, unit: d, datatype: float64}
# - {name: st_mass, unit: Msun, datatype: float64}
# - {name: pl_orbincl, unit: deg, datatype: float64}
# - {name: pl_orblper, unit: deg, datatype: float64}
# - {name: pl_orbtper, unit: d, datatype: float64}
# meta: !!omap
# - __serialized_columns__:
#     dec:
#       __class__: astropy.units.quantity.Quantity
#       unit: &id001 !astropy.units.Unit {unit: deg}
#       value: !astropy.table.SerializedColumn
#         __class__: astropy.utils.masked.core.MaskedNDArray
#         data: !astropy.table.SerializedColumn {name: dec}
#     pl_orbincl:
#       __class__: astropy.units.quantity.Quantity
#       unit: *id001
#       value: !astropy.table.SerializedColumn
#         __class__: astropy.utils.masked.core.MaskedNDArray
#         data: !astropy.table.SerializedColumn {name: pl_orbincl}
#     pl_orblper:
#       __class__: astropy.units.quantity.Quantity
#       unit: *id001
#       value: !astropy.table.SerializedColumn
#         __class__: astropy.utils.masked.core.MaskedNDArray
#         data: !astropy.table.SerializedColumn {name: pl_orblper}
#     pl_orbper:
#       __class__: astropy.units.quantity.Quantity
#       unit: &id002 !astropy.units.Unit {unit: d}
#       value: !astropy.table.SerializedColumn
#         __class__: astropy.utils.masked.core.MaskedNDArray
#         data: !astropy.table.SerializedColumn {name: pl_orbper}
#     pl_orbsmax:
#       __class__: astropy.units.quantity.Quantity
#       unit: !astropy.units.Unit {unit: AU}
#       value: !astropy.table.SerializedColumn
#         __class__: astropy.utils.masked.core.MaskedNDArray
#         data: !astropy.table.SerializedColumn {name: pl_orbsmax}
#     pl_orbtper:
#       __class__: astropy.units.quantity.Quantity
#       unit: *id002
#       value: !astropy.table.SerializedColumn
#         __class__: astropy.utils.masked.core.MaskedNDArray
#         data: !astropy.table.SerializedColumn {name: pl_orbtper}
#     pl_rvamp:
#       __class__: astropy.units.quantity.Quantity
#       unit: !astropy.units.Unit {unit: m / s}
#       value: !astropy.table.SerializedColumn
#         __class__: astropy.utils.masked.core.MaskedNDArray
#         data: !astropy.table.SerializedColumn {name: pl_rvamp}
#     ra:
#       __class__: astropy.units.quantity.Quantity
#       unit: *id001
#       value: !astropy.table.SerializedColumn
#         __class__: astropy.utils.masked.core.MaskedNDArray
#         data: !astropy.table.SerializedColumn {name: ra}
#     st_mass:
#       __class__: astropy.units.quantity.Quantity
#       unit: !astropy.units.Unit {unit: Msun}
#       value: !astropy.table.SerializedColumn
#         __class__: astropy.utils.masked.core.MaskedNDArray
#         data: !astropy.table.SerializedColumn {name: st_mass}
# schema: astropy-2.0
ra dec pl_orbsmax pl_orbeccen pl_rvamp pl_orbper st_mass pl_orbincl pl_orblper pl_orbtper
[from data line 4020]
287.3892308 46.9844491 nan nan nan 0.2197 0.47 nan nan nan
287.3892308 46.9844491 nan nan nan 0.32528 0.47 nan nan nan
267.8745 -30.6463889 0.62 nan nan nan 0.09 nan nan nan
268.458458 -29.8774389 3.31 nan nan nan 0.76 nan nan nan
293.1444017 46.6662155 0.0741 0.0 nan 6.77408868 1.08 89.92 nan nan
296.7558056 46.9982799 0.1167 0.0 nan 14.37508035 1.04 86.3 nan nan
285.8537014 38.3840916 0.571 0.0 nan 160.018032 0.92 89.64 nan nan
132.1698795 20.4550162 0.0881 nan nan 8.4388385 0.77 nan nan nan
39.4243555 -3.3963607 2.104 0.037 58.51 1005.57 1.23 nan -166.7 2453458.4
314.6078375 10.8391378 2.476 0.024 114.96 982.85 2.1 nan 64.11 2454356.1
99.4200181 -12.9856593 1.207 0.071 40.15 360.08 1.81 nan -152.1 2455308.7
202.0161895 -15.9379749 0.0675 nan nan 6.326763 1.02 88.686 nan nan
230.8872242 -25.3706149 nan nan nan 22.549406 0.8 nan nan nan
288.6462564 50.7889645 0.2939 0.0 nan 56.1886887 1.08 88.56 nan nan
70.4371079 23.0308544 15.0 nan nan nan 0.02 nan nan nan
292.672471 46.3772776 0.3878 0.0 nan 96.9151496 0.87 89.71 nan nan
97.7204249 0.2268931 0.09 0.59 467.0 9.24285 1.14 88.21 60.1 2455265.79074
36.8678846 -27.6361171 0.0522 0.09 3.08 4.75615 0.9 88.5 62.0 nan
214.5387463 38.9669132 3.496 0.597 377.642 1757.39151 1.82 84.685 342.126 2454155.003
172.1216476 1.6906217 0.137 0.31 7.3 19.3044 0.92 89.504 nan nan
130.0558953 19.7787519 nan 0.1 nan 9.915615 0.77 89.0 -1.0 nan
349.3843458 1.3001522 0.1178 0.0 0.68 10.45582 0.83 89.643 nan nan
207.0782895 -11.5889878 0.0411 0.12 nan 3.588163 0.72 87.22 -65.74 nan
204.4376666 -8.5970858 0.056 0.23 nan 5.675819 0.71 87.4 62.55 nan
46.2926368 -21.9336472 0.313 0.432 137.0 54.18915 1.47 88.4 66.1 nan
89.5988945 -30.8117992 0.019 0.0 13.7 1.3373508 0.75 82.5 0.0 nan
294.1081465 44.7706524 0.215 0.0 nan 36.337373 0.95 88.17 nan nan
182.8173343 -9.4141696 0.0699 nan nan 7.17256 0.88 nan nan nan
16.2274724 7.2692169 0.0773 nan nan 8.687721 0.82 nan nan nan
233.0743401 -22.3583447 0.1206 0.478 28.8 14.893291 1.06 88.13 10.1 nan
337.0442461 -14.5993376 nan nan nan 6.380803 0.99 87.837 nan nan
332.3407712 -13.4288624 nan nan nan 5.628466 0.89 85.048 nan nan
246.6429443 -15.7925384 0.107 nan nan 13.156969 0.95 88.48 nan nan
78.3391194 16.4141986 nan nan nan 3.38628 1.09 88.44 nan nan
125.9864854 22.663226 nan nan nan 26.201446 0.71 89.517 nan nan
337.5136198 -13.6101475 nan nan nan 0.354884 0.57 89.9 nan nan
127.5541103 10.9101444 0.0706 nan nan 6.894256 0.99 88.616 nan nan
125.007177 14.0194586 0.0932 nan nan 10.787992 0.94 90.5 nan nan
132.5235618 23.1924709 0.072 nan nan 7.149584 0.97 90.3 nan nan
133.8557342 10.4692176 0.0492 0.15 nan 5.444017 0.54 89.49 -77.06 nan
48.7813299 73.868015 1.1 0.2 224.0 402.0 1.1 nan 279.0 2449662.0
76.8980559 -13.9863374 0.452 0.191 7.1 89.9 1.52 nan 231.0 nan
288.6462564 50.7889645 0.0434 0.0 nan 3.18897601 1.08 86.09 nan nan
292.6274943 37.8601653 0.753 0.401 172.5 217.83184 1.2 89.944 -75.28 2454981.75
170.1031027 1.2858679 0.055 0.12 nan 5.608352 0.7 88.58 41.16 nan
55.8093566 16.6344396 0.1768 nan nan 27.86 0.95 nan nan nan
201.6391407 -12.8066737 nan nan nan 2.858646 0.9 87.051 nan nan
14.6903464 1.382807 nan nan nan 2.080615 0.74 86.231 nan nan
340.3037846 -14.4893256 0.107 0.21 nan 15.50192 0.68 88.85 59.96 nan
17.6412694 1.5784137 nan nan nan 0.57023 0.91 89.2 nan nan
184.9004881 0.968327 nan nan nan 2.354992 0.83 87.083 nan nan
184.9004881 0.968327 nan nan nan 14.101361 0.83 89.002 nan nan
288.8314251 47.5519753 0.0393 0.0 nan 3.4462039 0.87 85.56 nan nan
288.1160421 42.4403832 0.0917 0.0 nan 10.3108245 0.96 89.47 nan nan
282.6313559 46.481022 0.0415 0.0 nan 2.88879862 1.15 88.09 nan nan
283.3360156 47.1744499 0.0882 0.0 nan 12.2854603 0.63 89.46 nan nan
294.2373599 45.1968274 0.0504 0.0 nan 5.42474928 0.6 89.98 nan nan
288.7669819 46.3944497 0.1189 0.0 nan 15.1410397 0.88 89.71 nan nan
284.4594558 40.1424756 0.0337 0.0 nan 2.44357812 0.95 88.5 nan nan
283.4532068 45.0840729 0.0555 0.0 nan 3.93766373 1.64 87.96 nan nan
295.1190067 48.4813635 0.242 0.0 nan 41.809118 0.99 89.98 nan nan
286.5806115 48.5442312 0.0762 0.0 nan 6.9131112 1.25 88.6 nan nan
298.0676519 49.412541 0.181 0.0 nan 27.082511 1.06 87.22 nan nan
281.9156128 42.7755535 0.094 0.0 nan 10.104665 1.15 88.79 nan nan
292.422792 38.2662824 0.2697 0.0 nan 42.913751 1.41 89.6 nan nan
289.7861626 46.8588176 0.028 0.0 nan 1.729366 0.86 87.87 nan nan
292.2339048 41.5751832 0.1246 0.0 nan 13.5396293 1.41 89.46 nan nan
294.266325 45.2042317 0.1603 0.0 nan 22.70816791 1.19 89.96 nan nan
294.7420605 43.5367842 0.116 0.0 nan 13.07163 1.21 88.05 nan nan
299.0770621 45.4405583 0.0784 0.0 nan 10.71252541 0.59 88.16 nan nan
289.1426847 46.8129656 0.2181 0.0 nan 37.94563 0.9 89.79 nan nan
297.919724 45.2742038 0.1589 0.0 nan 24.1738579 1.01 89.76 nan nan
288.4561183 45.8022258 0.1596 0.0 nan 31.80634 0.8 89.5 nan nan
284.0974305 47.8104856 0.0346 0.0 nan 2.68505749 0.84 86.69 nan nan
292.2324228 38.8921946 0.1793 0.0 nan 28.5057189 1.0 88.47 nan nan
287.2411783 39.3326977 0.4297 0.0 nan 104.3518976 0.96 89.84 nan nan
287.8915707 39.3390979 0.088 0.0 nan 12.794585 0.65 89.64 nan nan
292.290606 44.6532281 0.179 0.0 nan 28.6851324 1.03 86.68 nan nan
289.4415238 42.4981476 0.3877 0.0 nan 85.7350285 1.03 89.98 nan nan
290.2796734 41.5150499 0.0196 0.0 nan 1.07839035 0.84 76.41 nan nan
291.5788505 44.5316825 0.1564 0.0 nan 22.9221266 1.06 88.01 nan nan
291.1118647 39.9490248 0.108 0.0 nan 12.465988 1.08 89.39 nan nan
291.1118647 39.9490248 0.227 0.0 nan 37.993273 1.08 89.97 nan nan
282.9997682 40.5574322 0.0557 0.0 nan 4.8663815 0.98 89.38 nan nan
294.009397 42.8807779 0.1256 0.0 nan 16.8320729 0.96 88.9 nan nan
299.1695093 43.4410533 0.1057 0.0 nan 13.0313945 1.15 86.61 nan nan
287.8055442 45.3405371 0.226 0.0 nan 37.3331536 1.1 87.64 nan nan
295.1025166 40.5723736 0.2237 0.0 nan 40.8365012 0.94 89.65 nan nan
282.9569197 42.8255589 0.0419 0.0 nan 3.23941344 1.11 87.54 nan nan
288.0955917 40.365909 0.1633 0.0 nan 23.4774101 1.21 89.97 nan nan
295.3543571 48.5153932 0.0415 0.0 nan 3.11602791 0.87 89.17 nan nan
290.6852287 43.8596155 0.0557 0.0 nan 4.69500134 0.95 89.0 nan nan
292.388582 42.2332767 0.046 0.0 nan 3.83309118 0.92 83.58 nan nan
281.6476437 48.2709523 0.0747 0.0 nan 9.33646594 0.72 86.38 nan nan
297.0737928 41.2244613 0.0142 0.0 nan 0.78916165 0.72 86.5 nan nan
291.0286411 43.9137055 0.0986 0.0 nan 11.87456832 0.95 89.41 nan nan
289.311532 51.3209059 0.1229 0.0 nan 15.64591713 0.94 89.94 nan nan
286.1705469 43.0089 0.0656 0.0 nan 7.06317341 0.82 88.31 nan nan
289.538818 41.8928154 0.2769 0.0 nan 59.4970952 0.78 89.71 nan nan
288.1209339 47.9666141 0.077 0.0 nan 8.307872 0.84 89.95 nan nan
290.6731326 38.6910045 0.259 0.0 nan 49.567416 0.97 89.06 nan nan
292.1939846 47.4570808 0.111 0.0 nan 18.794234 0.59 89.52 nan nan
292.3760942 47.8809596 0.047 0.0 nan 3.940997 0.91 88.88 nan nan
290.9342679 47.3575414 0.038 0.0 nan 3.132924 0.82 89.29 nan nan
287.8971066 40.6378141 0.2747 0.0 nan 50.447 1.06 89.57 nan nan
296.5662171 44.1058077 0.404 0.0 nan 99.640161 0.95 89.99 nan nan
291.8419337 44.858124 0.046 0.0 nan 3.783986 0.85 86.54 nan nan
291.8419337 44.858124 0.13 0.0 nan 18.119869 0.85 89.64 nan nan
297.2789115 43.7239693 0.137 0.0 nan 19.446355 0.95 88.21 nan nan
297.5885341 43.8411937 0.4204 0.0 nan 92.263714 1.15 89.81 nan nan
281.6336936 43.4115547 0.2952 0.0 nan 76.378033 0.55 89.71 nan nan
295.0027458 46.9873389 0.152 0.0 nan 21.347262 0.88 87.5 nan nan
295.4823299 48.5244695 0.745 0.0 nan 259.33683 0.97 89.995 nan nan
281.9712347 43.6727839 0.0915 0.0 nan 7.71468975 1.46 81.59 nan nan
295.9206663 47.4486164 0.1309 0.0 nan 17.157236 1.02 88.81 nan nan
294.5577857 40.8504949 0.0836 0.0 nan 7.5844126 1.27 85.04 nan nan
285.4750512 48.0348356 0.142 0.0 nan 21.0907758 0.89 87.63 nan nan
294.3660313 49.9150219 0.1654 0.0 nan 38.09722 0.4 89.993 nan nan
106.569578 22.6831477 0.051205 nan nan 4.240122 1.0 nan nan nan
256.279559 69.519093 0.061 0.0 2.7 6.4003 0.75 nan 90.0 nan
290.4132621 38.3437283 0.1003 0.014 nan 12.33 1.06 78.63 nan nan
297.398678 76.1391776 0.147 0.0 nan 23.540678 0.77 nan 90.0 nan
15.2181412 -24.4239934 0.034792 nan nan 3.3639254 0.5 nan nan nan
287.1010275 46.8964033 0.397 0.0 nan 96.678988 0.94 89.85 nan nan
289.8301128 50.5862025 0.157 0.0 nan 20.684342 1.16 88.74 nan nan
117.4793699 27.3631342 0.0503 0.16 nan 4.209075 0.99 88.73 nan nan
287.6979913 42.3385782 0.1387 0.094 0.35 19.578328 0.93 88.788 nan nan
336.4024144 -34.9097131 nan nan nan 11.07085 0.69 89.32 nan nan
293.2822344 48.2859173 nan 0.498 62.1 406.2 1.32 nan 60.8 nan
186.5242821 61.2589289 0.127 0.0 3.82 16.537944 1.0 nan 90.0 nan
290.2376224 41.3313637 0.033 0.0 nan 2.024823 1.09 87.61 nan nan
294.3255898 46.0022646 0.051 0.0 nan 4.580358 0.85 88.6 nan nan
292.6422963 44.0876251 0.09 0.0 nan 13.969457 0.59 88.5 nan nan
296.8520316 49.0844359 0.045 0.0 nan 3.281959 1.06 88.5 nan nan
296.8565596 41.7580749 0.065 0.0 nan 8.410894 0.55 85.99 nan nan
291.880018 45.3878419 0.36 0.0 nan 72.379334 0.97 88.95 nan nan
292.1710683 40.9162381 0.14 0.0 nan 19.02293 0.98 88.73 nan nan
292.3264835 38.6575441 0.313 0.0 nan 67.968015 0.93 89.71 nan nan
291.2562253 49.2589288 0.075 0.0 nan 6.849692 1.15 75.35 nan nan
291.6071451 38.4103192 0.115 0.0 nan 14.172327 1.06 87.71 nan nan
295.8092756 40.0084866 0.354 0.0 nan 71.312 1.15 89.97 nan nan
297.292558 49.9817499 0.201 0.0 nan 37.815724 0.68 89.43 nan nan
290.995205 45.192188 0.091 0.0 nan 9.182417 1.21 89.07 nan nan
295.8940373 42.3805156 0.48 0.0 nan 135.498527 0.84 89.58 nan nan
299.5017242 40.6707669 0.261 0.0 nan 58.034616 0.9 89.98 nan nan
296.8136883 47.5265446 0.08 0.0 179.0 6.87349 1.48 89.7 nan nan
290.9444679 40.4800528 0.134 0.0 nan 17.340824 1.08 89.19 nan nan
290.0827494 50.8634361 0.122 0.0 nan 14.383035 1.17 85.84 nan nan
290.0827494 50.8634361 0.6503 0.0 nan 184.256405 1.17 89.15 nan nan
291.4094615 38.3400107 0.188 0.0 nan 29.726682 0.91 89.09 nan nan
295.4179125 51.1847629 0.37 0.833 179.0 69.7546 1.39 88.95 95.2 nan
281.1123072 43.2277663 0.0719 0.0 nan 6.803 1.07 80.51 nan nan
293.5111889 45.1366252 0.177 0.0 nan 34.989262 0.62 89.96 nan nan
292.8085984 49.5794242 0.4757 0.0 nan 110.979 1.17 89.94 nan nan
269.5791667 -30.1452778 2.5 nan nan nan 0.58 nan nan nan
293.732787 41.9006366 0.1027 0.03 nan 12.58242 1.02 89.83 nan nan
292.8085984 49.5794242 0.2244 0.0 nan 35.968 1.17 88.97 nan nan
298.7363395 46.4991236 0.0217 0.0 7.0 2.984151 0.18 89.74 nan nan
298.9368228 44.8578644 0.078 0.0 nan 8.98101683 0.87 89.85 nan nan
231.2323227 58.9661403 19.4 0.455 nan 25000.0 1.54 86.0 62.0 2476000.0
284.566954 49.0127077 0.64 0.1 nan 207.2482 0.57 89.97 nan nan
282.2501047 44.921002 0.0403 0.0 4.0 5.148921 0.22 88.72 nan nan
291.9259658 38.0140525 0.332 0.0 nan 76.050178 0.92 89.99 nan nan
291.3647333 37.609239 0.088 0.0 nan 10.381227 0.88 89.36 nan nan
290.2151459 41.775981 0.061 0.0 nan 5.326718 0.92 89.8 nan nan
290.2151459 41.775981 0.081 0.0 nan 8.127899 0.92 88.71 nan nan
288.9163997 39.5947523 0.14 0.0 nan 19.305772 1.03 90.0 nan nan
284.6772402 44.7976401 0.2269 0.0 nan 44.347 0.97 89.7 nan nan
295.7661979 42.4242822 0.141 0.0 nan 20.834237 0.85 89.56 nan nan
289.7473165 39.5234131 0.0621 0.0 nan 4.89337519 1.17 88.82 nan nan
297.7242257 43.5272796 0.061 0.0 nan 6.20920207 0.78 89.11 nan nan
298.348382 47.4913021 0.1087 0.0 nan 13.28613 0.76 89.97 nan nan
283.0398448 48.8253303 0.305 0.0 nan 77.473633 0.66 89.57 nan nan
291.880018 45.3878419 0.186 0.0 nan 26.84768 0.97 88.58 nan nan
293.2936129 42.1963497 0.372 0.0 nan 77.095691 1.14 88.0 nan nan
287.9163029 42.4372666 0.065 0.0 nan 5.700786 0.9 88.15 nan nan
295.2886934 48.5997243 0.094 0.0 nan 10.446347 1.07 84.3 nan nan
294.4418031 40.5575408 0.054 0.0 nan 5.315946 0.8 88.47 nan nan
297.5098911 46.9614121 0.401 0.0 nan 105.356383 0.67 89.71 nan nan
294.0230229 45.8530535 0.4 0.0 nan 87.6451 1.21 89.89 nan nan
286.2847077 44.7815817 0.044 0.0 nan 3.289672 0.95 89.73 nan nan
288.6178715 48.0983639 0.101 0.0 nan 12.125934 0.92 87.38 nan nan
291.771603 47.5299192 0.087 0.0 nan 10.327186 1.02 88.47 nan nan
294.9489697 46.4388673 0.112 0.0 nan 16.092361 0.78 87.69 nan nan
295.7010981 38.9458209 0.152 0.0 nan 20.09838 1.15 89.96 nan nan
294.3169307 43.6292436 0.503 0.0 nan 127.282184 1.02 89.51 nan nan
283.1354742 43.6567036 0.057 0.0 nan 7.061149 0.57 88.38 nan nan
298.0230967 43.3634761 0.791 0.0 nan 265.469335 0.98 89.31 nan nan
288.5387145 40.6160545 0.12 0.0 nan 17.326644 0.81 88.0 nan nan
298.3957687 42.4597712 0.153 0.0 nan 19.747412 1.23 89.06 nan nan
288.4474035 44.8017616 0.075 0.0 nan 8.25978 0.79 89.57 nan nan
291.8343455 39.3073462 0.065 0.0 nan 8.457496 0.65 89.58 nan nan
291.8343455 39.3073462 0.105 0.0 nan 17.28111 0.65 89.75 nan nan
286.6627811 47.4136938 0.07 0.0 nan 7.626324 0.8 89.43 nan nan
292.2861201 40.9135429 0.087 0.0 nan 12.551158 0.6 88.9 nan nan
293.351701 48.4445922 0.055 0.0 nan 4.977656 0.93 87.96 nan nan
289.0775348 46.0051696 0.1662 0.0 nan 21.77596 1.29 88.71 nan nan
292.4996101 46.3243406 0.153 0.0 nan 21.963945 0.93 89.5 nan nan
292.4210998 37.6827919 0.115 0.0 nan 13.121632 1.17 87.29 nan nan
291.2429746 44.0086337 0.063 0.0 nan 6.475434 0.79 88.31 nan nan
292.2861201 40.9135429 0.135 0.0 nan 24.08821 0.6 89.51 nan nan
289.8354219 49.825607 0.105 0.0 nan 12.762172 0.92 87.01 nan nan
296.0642944 45.4285986 0.075 0.0 nan 6.562331 1.03 86.26 nan nan
286.2847077 44.7815817 0.075 0.0 nan 7.186434 0.95 87.2 nan nan
297.2550814 40.5483883 0.138 0.0 nan 17.265427 1.27 89.99 nan nan
296.8034146 46.7411011 0.086 0.0 nan 8.486616 1.17 89.96 nan nan
293.6764689 44.6155972 0.065 0.0 nan 5.929778 1.02 89.85 nan nan
283.1920779 41.3054172 0.079 0.0 nan 7.542427 1.1 88.44 nan nan
286.4527949 42.6577891 0.214 0.0 nan 37.054919 0.81 88.19 nan nan
282.3947017 48.7591334 0.05 0.0 nan 3.930821 1.08 88.74 nan nan
282.3947017 48.7591334 0.078 0.0 nan 7.630004 1.08 87.84 nan nan
270.184333 -28.6608889 1.6 nan nan nan 0.3 nan nan nan
268.847931 -30.2072506 1.16 nan nan nan 0.08 nan nan nan
282.0333419 44.4779955 0.2348 0.0 nan 44.29919815 0.88 89.46 nan nan
231.7420543 -16.5090014 0.02732 0.0 2.14 1.62116 1.04 85.8 nan nan
76.3096949 -47.9375391 0.01223 0.0 nan 1.2391491 0.16 86.8 nan nan
217.6848544 35.4546059 0.287 0.24 5.511 65.78395 0.73 nan 56.147 2456787.645
86.6451363 1.1675866 3.226 0.357 171.084 2127.60566 0.98 104.559 21.038 2450148.293
243.2912249 13.2394527 4.89 0.078 18.427 2751.53433 2.06 81.958 186.316 2448526.931
176.2402326 -38.1397158 0.0549 0.086 526.1 4.119027 1.3 88.7 -146.4 nan
293.9850284 36.2962939 0.047 0.1 nan 3.352057 1.2 85.5 nan nan
288.3086994 51.4783348 0.1028 0.0 nan 11.9296999 1.02 89.99 nan nan
297.6513317 40.3524154 0.0592 0.0 nan 4.56202984 1.33 79.48 nan nan
230.0350768 29.6160222 0.699 0.105 33.56 187.01 1.3 nan 44.2 2454443.7
127.5649503 60.7177048 3.691 0.149 33.11 1569.81 2.72 nan 40.8 2453348.8
298.5624491 8.4611051 0.625 0.059 53.07 136.97 1.74 nan 0.0 2453001.0
289.0643042 47.1174041 0.227 0.0 nan 39.31370163 1.01 89.99 nan nan
129.8137008 23.3574367 0.0289 nan nan 1.742169 1.06 83.928 nan nan
139.9331831 -59.4780815 6.462 0.203 41.773 6383.78352 0.88 141.312 231.408 2452704.209
349.6947029 18.6457524 0.049 0.091 7.582 3.83483 1.04 nan 242.755 2453506.323
269.956042 -28.5286389 2.8 nan nan nan 0.42 nan nan nan
163.324115 -61.4056976 0.0473 0.54 78.0 4.0144463 0.82 88.3 nan nan
298.2150641 39.9550863 0.652 0.0702 nan 138.317 1.53 90.05 341.88 nan
53.2472749 54.5791636 10.26 0.236 nan 10140.0 1.44 nan nan nan
242.5721002 -47.9146826 0.242 0.821 6.008 40.43914 1.16 nan 113.612 2453156.303
275.0159879 -9.5966905 0.292 0.53 475.836 58.11187 0.98 nan 172.991 2450221.755
1.5836771 -49.0753625 0.474 0.13 9.826 108.45299 1.21 nan 89.593 2450799.614
267.9154167 -29.4979694 2.09 nan nan nan 0.63 nan nan nan
166.3231784 81.0389868 3.166 0.049 95.359 2041.54152 1.01 86.497 151.528 2454448.617
60.9074988 -51.9315058 0.242 0.05 6.675 41.83156 1.08 nan 318.187 2453000.793
