confirmed_exoplanets_table.ecsv
# %ECSV 1.0
# ---
# datatype:
# - {name: ra, unit: deg, datatype: float64}
# - {name: dec, unit: deg, datatype: float64}
# - name: pl_name
#   datatype: string
#   description: Planet Name
#   meta: !!omap
#   - {_votable_string_dtype: char}
# - name: hostname
#   datatype: string
#   description: Host Name
#   meta: !!omap
#   - {_votable_string_dtype: char}
# - {name: pl_orbeccen, datatype: float64}
# - {name: pl_orbsmax, unit: AU, datatype: float64}
# - {name: pl_orbper, unit: d, datatype: float64}
# - {name: st_mass, unit: Msun, datatype: float64}
# - {name: pl_bmassj, unit: jupiterMass, datatype: float64}
# - {name: pl_radj, unit: jupiterRad, datatype: float64}
# - {name: pl_dens, unit: g / cm3, datatype: float64}
# - {name: pl_eqt, unit: K, datatype: float64}
# - {name: st_rad, unit: Rsun, datatype: float64}
# - {name: st_teff, unit: K, datatype: float64}
# - {name: sy_gaiamag, unit: mag, datatype: float64}
# meta: !!omap
# - __serialized_columns__:
#     dec:
#       __class__: astropy.units.quantity.Quantity
#       unit: &id001 !astropy.units.Unit {unit: deg}
#       value: !astropy.table.SerializedColumn
#         __class__: astropy.utils.masked.core.MaskedNDArray
#         data: !astropy.table.SerializedColumn {name: dec}
#     pl_bmassj:
#       __class__: astropy.units.quantity.Quantity
#       unit: !astropy.units.Unit {unit: jupiterMass}
#       value: !astropy.table.SerializedColumn
#         __class__: astropy.utils.masked.core.MaskedNDArray
#         data: !astropy.table.SerializedColumn {name: pl_bmassj}
#     pl_dens:
#       __class__: astropy.units.quantity.Quantity
#       unit: !astropy.units.Unit {unit: g / cm3}
#       value: !astropy.table.SerializedColumn
#         __class__: astropy.utils.masked.core.MaskedNDArray
#         data: !astropy.table.SerializedColumn {name: pl_dens}
#     pl_eqt:
#       __class__: astropy.units.quantity.Quantity
#       unit: &id002 !astropy.units.Unit {unit: K}
#       value: !astropy.table.SerializedColumn
#         __class__: astropy.utils.masked.core.MaskedNDArray
#         data: !astropy.table.SerializedColumn {name: pl_eqt}
#     pl_orbper:
#       __class__: astropy.units.quantity.Quantity
#       unit: !astropy.units.Unit {unit: d}
#       value: !astropy.table.SerializedColumn
#         __class__: astropy.utils.masked.core.MaskedNDArray
#         data: !astropy.table.SerializedColumn {name: pl_orbper}
#     pl_orbsmax:
#       __class__: astropy.units.quantity.Quantity
#       unit: !astropy.units.Unit {unit: AU}
#       value: !astropy.table.SerializedColumn
#         __class__: astropy.utils.masked.core.MaskedNDArray
#         data: !astropy.table.SerializedColumn {name: pl_orbsmax}
#     pl_radj:
#       __class__: astropy.units.quantity.Quantity
#       unit: !astropy.units.Unit {unit: jupiterRad}
#       value: !astropy.table.SerializedColumn
#         __class__: astropy.utils.masked.core.MaskedNDArray
#         data: !astropy.table.SerializedColumn {name: pl_radj}
#     ra:
#       __class__: astropy.units.quantity.Quantity
#       unit: *id001
#       value: !astropy.table.SerializedColumn
#         __class__: astropy.utils.masked.core.MaskedNDArray
#         data: !astropy.table.SerializedColumn {name: ra}
#     st_mass:
#       __class__: astropy.units.quantity.Quantity
#       unit: !astropy.units.Unit {unit: Msun}
#       value: !astropy.table.SerializedColumn
#         __class__: astropy.utils.masked.core.MaskedNDArray
#         data: !astropy.table.SerializedColumn {name: st_mass}
#     st_rad:
#       __class__: astropy.units.quantity.Quantity
#       unit: !astropy.units.Unit {unit: Rsun}
#       value: !astropy.table.SerializedColumn
#         __class__: astropy.utils.masked.core.MaskedNDArray
#         data: !astropy.table.SerializedColumn {name: st_rad}
#     st_teff:
#       __class__: astropy.units.quantity.Quantity
#       unit: *id002
#       value: !astropy.table.SerializedColumn
#         __class__: astropy.utils.masked.core.MaskedNDArray
#         data: !astropy.table.SerializedColumn {name: st_teff}
#     sy_gaiamag:
#       __class__: astropy.units.quantity.Quantity
#       unit: !astropy.units.Unit {unit: mag}
#       value: !astropy.table.SerializedColumn
#         __class__: astropy.utils.masked.core.MaskedNDArray
#         data: !astropy.table.SerializedColumn {name: sy_gaiamag}
# schema: astropy-2.0
ra dec pl_name hostname pl_orbeccen pl_orbsmax pl_orbper st_mass pl_bmassj pl_radj pl_dens pl_eqt st_rad st_teff sy_gaiamag
[from data line 423]
256.346376 33.0123251 "HAT-P-18 b" HAT-P-18 0.084 0.0559 5.508023 0.77 0.197 0.995 0.25 852.0 0.75 4803.0 12.3682
222.7673221 5.9473626 "HAT-P-27 b" HAT-P-27 0.0 0.04 3.039577 0.92 0.62 1.02 0.76 1091.98575488 0.86 5316.0 11.9562
331.203092 -12.019067 "WASP-47 e" WASP-47 0.0 0.01673 0.78961 1.06 0.02832 0.163 6.29 nan 1.16 5565.0 11.7889
331.203092 -12.019067 "WASP-47 b" WASP-47 0.0006 0.052 4.159151 1.06 1.17674 1.147 0.993 1275.0 1.16 5565.0 11.7889
118.0634379 12.1393474 "HAT-P-50 b" HAT-P-50 0.115 0.0453 3.1220109 1.27 1.35 1.288 0.78 1862.0 1.7 6280.0 11.6722
309.5112337 -48.4620833 "WASP-88 b" WASP-88 0.0 0.06431 4.954 0.94 0.42 1.46 0.141 1772.0 1.8 6430.0 11.478
291.3877397 44.5290465 "Kepler-145 b" Kepler-145 0.43 0.172939 22.951 1.32 0.117 0.236 11.0 873.0 1.85 6022.0 11.8746
23.5934253 -66.6763495 "TOI-125 d" TOI-125 0.168 0.137 19.98 0.86 0.04279 0.261 2.98 638.1 0.85 5320.0 10.718
59.4335463 -20.2673347 "HD 25015 b" "HD 25015" 0.341 6.248 6134.427 0.86 9.077 1.12 8.12 nan 0.83 5160.0 8.59876
351.4707282 -20.6167923 "HD 220689 b" "HD 220689" 0.054 3.396 2266.4 1.02 1.2 1.22 0.815 nan 1.07 5921.0 7.59438
57.0018601 40.5307308 "HD 23596 b" "HD 23596" 0.282 2.694 1535.11912 1.1 11.914 1.1 10.9 nan 1.53 6040.0 7.10356
274.283375 -26.3596389 "KMT-2018-BLG-1743L b" KMT-2018-BLG-1743L nan 1.449 nan 0.19 0.245 0.937 0.37 nan nan nan nan
176.628323 -33.8600764 "HATS-53 b" HATS-53 0.33 0.04753 3.8537768 0.96 0.595 1.34 0.303 1312.0 1.1 5644.0 13.6564
174.1094967 -2.0233506 "TOI-5174 b" TOI-5174 nan nan 12.214286 1.0 0.0779 0.477 0.889 808.372638208 1.09 5643.77 11.1031
124.5328604 -68.3144658 "L 98-59 b" "L 98-59" 0.103 0.02191 2.2531136 0.27 0.00126 0.076 3.6 627.0 0.3 3415.0 10.5976
108.301409 -42.4097623 "KELT-14 b" KELT-14 0.0 0.03005 1.7100566 1.24 1.284 1.743 0.322 1970.0 1.52 5720.0 10.8384
68.9743955 2.4312732 "HAT-P-64 b" HAT-P-64 0.101 0.05387 4.007232 1.3 0.58 1.703 0.144 1766.0 1.74 6457.0 12.6221
264.0267083 -26.1459889 "OGLE-2019-BLG-0304L b" OGLE-2019-BLG-0304L nan 1.23 nan 0.27 0.51 1.27 0.311 nan nan nan nan
32.2977385 -16.3392495 "GJ 3138 b" "GJ 3138" 0.19 0.0197 1.22003 0.68 0.0056 0.106 5.95 nan 0.5 3717.0 10.1924
246.4351678 11.9190729 "HD 148164 b" "HD 148164" 0.587 0.993 328.55 1.21 1.23 1.22 0.835 nan 1.34 6032.0 8.0907
212.0421402 -41.3980405 "PDS 70 c" "PDS 70" 0.11 34.0 nan 0.76 2.0 2.04 0.292 995.0 1.06 3972.0 11.5848
169.4827046 2.6190363 "K2-22 b" K2-22 0.19 0.009 0.381073 0.6 1.4 0.205 nan 2100.0 0.58 3879.0 14.9537
59.1510071 74.0800789 "HD 24064 b" "HD 24064" 0.35 1.29 535.59998 1.61 12.89 1.1 12.1 nan 40.0 4052.0 6.17839
269.6496667 -28.1336694 "KMT-2017-BLG-0165L b" KMT-2017-BLG-0165L nan 3.45 nan 0.76 0.11 0.575 0.696 nan nan nan nan
88.2511811 -5.9963378 "BD-06 1339 b" "BD-06 1339" 0.0 0.0428 3.8728 0.7 0.027 0.254 2.02 nan 0.69 4324.0 9.10677
291.4181275 38.6723124 "Kepler-93 b" Kepler-93 0.0 0.05343 4.72673978 0.91 0.01466 0.132 7.93 1133.0 0.92 5669.0 9.86249
259.0172522 72.1611806 "TOI-1670 c" TOI-1670 0.09 0.249 40.74976 1.21 0.63 0.987 0.81 684.0 1.32 6170.0 9.81934
110.3880285 58.2681094 "XO-4 b" XO-4 0.0 0.05524 4.12508 1.1 1.42 1.25 0.83 1630.0 1.45 6397.0 10.5131
284.6351885 40.7198296 "Kepler-506 b" Kepler-506 0.0 0.075 6.8834055 1.19 0.0249 0.244 2.13 1080.0 1.19 6236.0 10.7836
259.0172522 72.1611806 "TOI-1670 b" TOI-1670 0.59 0.103 10.98462 1.21 0.13 0.184 8.6 1062.0 1.32 6170.0 9.81934
43.6880738 -10.8980242 "WASP-50 b" WASP-50 0.009 0.0293 1.9551 0.89 1.4688 1.166 1.325 1394.84 0.84 5400.0 11.5518
359.9008737 -35.0313349 "WASP-8 b" WASP-8 0.31 0.0801 8.15872 1.34 2.54 1.13 2.47 1059.0 1.03 5600.0 9.61249
21.8711012 38.9681137 "HAT-P-53 b" HAT-P-53 0.134 0.03159 1.9616241 1.09 1.484 1.318 0.8 1778.0 1.21 5956.0 13.5142
165.3295388 -77.5440912 "2MASS J11011926-7732383 b" "2MASS J11011926-7732383" nan 266.0 nan nan 28.0 1.06 29.0 2677.0 nan nan 18.3299
41.0400779 -30.1690785 "WASP-72 b" WASP-72 0.0 0.03711 2.21673 2.78 2.3 1.29 0.87 2210.0 2.18 6250.0 10.8378
76.8673317 16.8676948 "K2-260 b" K2-260 0.0 0.0404 2.6266657 1.39 1.42 1.552 0.5 1957.0 1.69 6367.0 12.4667
223.6587187 -38.7445469 "WASP-192 b" WASP-192 0.0 0.0408 2.8786765 1.09 2.3 1.23 1.62 1620.0 1.32 5910.0 12.5347
245.2800398 31.5770413 "TOI-2266 b" TOI-2266 nan 0.02 2.326318 0.23 0.0094 0.137 4.5 550.0 0.24 3200.0 14.8319
120.8691654 -1.1636019 "HD 66428 b" "HD 66428" 0.471 3.395 2269.81726 1.01 10.946 1.11 10.0 nan 1.13 5716.0 8.08142
125.3661079 -39.7044432 "HD 70642 b" "HD 70642" 0.175 3.318 2124.54 1.08 3.9 1.16 3.1 nan 0.98 5732.0 6.99211
69.8241791 22.3508662 "LkCa 15 c" "LkCa 15" nan 18.6 nan nan nan nan nan nan 1.61 4194.0 11.5887
255.5272522 -29.9455833 "MXB 1658-298 b" "MXB 1658-298" nan 1.613 760.0 1.98 23.7 1.07 24.0 nan nan nan nan
268.742218 -29.7504635 "MOA-2016-BLG-319L b" MOA-2016-BLG-319L nan 0.95 nan 0.15 0.62 1.26 0.392 nan nan nan nan
268.867889 -29.1706657 "MOA-2011-BLG-291L b" MOA-2011-BLG-291L nan 0.69 nan 0.15 0.057 0.396 1.14 nan nan nan nan
279.2211173 61.7015065 "HIP 91258 b" "HIP 91258" 0.02 0.06 5.0505 0.97 1.09 1.23 0.74 nan 0.89 5519.0 8.45032
176.4820239 14.6163182 "BD+15 2375 b" "BD+15 2375" 0.001 0.576 153.22 1.08 1.061 1.23 0.705 nan 8.95 4649.0 9.9918
204.1418754 -14.9478195 "K2-125 b" K2-125 0.08 0.121 21.750264 0.49 0.017 0.194 2.86 nan 0.4 3654.47 15.1508
101.0526207 -0.2991544 "CoRoT-21 b" CoRoT-21 0.0 0.0417 2.72474 1.29 2.26 1.3 1.36 nan 1.95 6200.0 15.8558
35.8085099 10.8367972 "HD 14787 b" "HD 14787" 0.155 1.7 676.6 1.43 1.121 1.23 0.761 nan 5.01 4946.0 7.37839
132.7531307 11.8865128 "NGC 2682 YBP 1514 b" "NGC 2682 YBP 1514" 0.28 nan 5.118 0.96 0.4 1.25 0.255 nan 0.89 5725.0 14.6201
175.4326081 42.7515862 "GJ 1148 c" "GJ 1148" 0.342 0.912 532.58 0.34 0.21414 0.866 0.409 nan 0.36 3287.0 10.5769
28.7157956 -29.4217086 "TOI-849 b" TOI-849 0.0 0.01598 0.76552414 0.93 0.12299 0.307 5.2 1932.0 0.92 5373.8 12.0645
279.7504991 6.9697828 "CoRoT-26 b" CoRoT-26 0.0 0.0526 4.20474 1.09 0.52 1.26 0.28 1600.0 1.79 5590.0 15.4682
164.1893864 9.6739464 "K2-403 b" K2-403 nan nan 33.589979 0.78 0.0775 0.476 0.891 949.0 0.89 5511.0 12.152
213.1438604 47.0147826 "HAT-P-44 c" HAT-P-44 0.494 1.752 872.2 0.94 4.0 1.16 3.18 nan 0.95 5295.0 12.9729
274.3732697 -3.3810594 "HAT-P-45 b" HAT-P-45 0.049 0.0452 3.128992 1.26 0.892 1.426 0.38 1652.0 1.32 6330.0 12.3977
35.3834942 32.2460441 "HAT-P-38 b" HAT-P-38 0.067 0.0523 4.640382 0.89 0.267 0.825 0.59 1082.0 0.92 5330.0 12.3021
11.248632 -15.2741085 "LHS 1140 b" "LHS 1140" 0.043 0.0946 24.73723 0.18 0.01762 0.154 5.9 226.0 0.22 3096.0 12.6706
288.7499866 48.2771163 "Kepler-1099 b" Kepler-1099 0.0 0.0337 2.16845259 1.01 0.0264 0.252 2.04 1558.0 1.0 5837.0 15.1336
99.171276 -19.2561808 "7 CMa c" "7 CMa" 0.08 2.153 996.0 1.34 0.87 1.24 0.566 nan 4.87 4826.0 3.67853
324.5359781 30.4881882 "HAT-P-17 c" HAT-P-17 0.39 5.6 5584.0 0.92 3.4 1.17 2.64 nan 0.84 5336.96 10.2743
208.9014508 -6.1360833 "K2-199 c" K2-199 0.03 0.0662 7.3744897 0.71 0.03901 0.254 2.9 694.0 0.68 4491.0 11.9053
292.6585253 38.3455558 "Kepler-167 e" Kepler-167 0.29 1.883 1071.23205 0.78 1.01 0.906 1.68 134.4 0.75 4884.0 14.0004
160.7021351 -2.1847173 "HD 92788 b" "HD 92788" 0.35 0.97 325.803 1.15 3.76 1.16 2.99 nan 1.14 5744.0 7.13929
157.9356855 0.9372782 "K2-266 c" K2-266 0.042 0.0679 7.814 0.69 0.00091 0.063 4.55 664.5 0.7 4285.0 11.3527
19.6101417 6.8167277 "K2-295 b" K2-295 0.0 0.0451 4.024867 0.74 0.335 0.897 0.612 852.0 0.7 4444.0 13.5184
52.3420548 22.2993491 "K2-30 b" K2-30 0.0 0.04839 4.098503 0.9 0.579 1.039 0.64 1092.0 0.84 5425.0 13.2056
267.6404906 36.5701761 "KELT-12 b" KELT-12 0.0 0.06708 5.031623 1.59 0.95 1.78 0.209 1800.0 2.37 6279.0 10.4842
319.6995877 -26.6163743 "HD 202772 A b" "HD 202772 A" 0.038 0.05208 3.308958 1.72 1.017 1.545 0.343 2132.0 2.59 6272.0 8.22688
334.7969885 -1.8344301 "WASP-177 b" WASP-177 nan 0.03957 3.071722 0.88 0.508 1.58 0.172 1142.0 0.89 5017.0 12.0715
111.5095293 7.6157759 "KELT-19 A b" "KELT-19 A" nan 0.0637 4.6117093 1.62 4.07 1.91 0.744 1935.0 1.83 7500.0 9.86331
297.3330716 41.8911186 "KOI-94 e" KOI-94 0.019 0.3046 54.32031 1.28 0.11 0.585 0.6 584.0 1.52 6182.0 12.1882
124.1286379 9.1853306 "bet Cnc b" "bet Cnc" 0.08 1.7 605.2 1.7 7.8 1.12 6.81 nan 47.2 4092.1 3.04628
148.1898673 26.0067142 "mu Leo b" "mu Leo" 0.09 1.1 357.8 1.5 2.4 1.18 1.78 nan 11.4 4538.2 3.52769
72.1529519 -5.6751152 "HD 30562 b" "HD 30562" 0.76 2.34 1157.0 1.12 1.47 1.21 1.02 nan 1.61 5882.0 5.61828
216.6474037 -81.4542756 "HD 125271 b" "HD 125271" 0.165 10.817 14901.99295 0.75 10.904 1.11 9.99 nan 0.75 4703.93 9.35594
349.2211822 -5.2015032 "K2-416 b" K2-416 nan 0.088 13.102 0.55 5.2 0.237 nan 447.0 0.55 3746.0 13.9468
298.150057 40.6561751 "Kepler-1647 b" Kepler-1647 0.0581 2.7205 1107.5923 1.22 1.51968 1.059 1.59 nan 1.79 6210.0 13.579
192.5725483 22.8631285 "HD 111591 b" "HD 111591" 0.26 2.5 1056.4 1.94 4.4 1.15 3.58 nan 8.03 4884.0 6.15212
296.1125759 39.9787451 "Kepler-80 g" Kepler-80 nan nan 14.64558 0.83 0.00474 0.101 5.75 418.0 0.68 4540.0 14.7555
295.4179125 51.1847629 "Kepler-419 c" Kepler-419 0.184 1.68 675.47 1.39 7.3 1.13 6.37 nan 1.74 6430.0 12.9642
189.8154662 -32.7263607 "HD 109988 b" "HD 109988" 0.056 12.518 17132.15854 0.88 21.821 1.08 21.5 nan 0.87 5185.97 8.6605
183.4049258 -9.5135645 "HD 106270 b" "HD 106270" 0.185 3.34 1888.0 1.39 11.4 1.11 10.4 nan 2.66 5509.0 7.39531
63.2662165 20.9151568 "TOI-5344 b" TOI-5344 0.054 0.04041 3.792622 0.61 0.412 0.946 0.604 689.0 0.59 3747.0 14.3361
43.2691449 16.8649024 "Teegarden's Star d" "Teegarden's Star" 0.07 0.0791 26.13 0.1 0.00258 0.085 5.19 159.0 0.12 3034.0 12.2746
285.2836483 38.9472625 "Kepler-30 c" Kepler-30 0.0111 0.3 60.323105 0.99 2.01 1.097 1.88 411.0 0.95 5498.0 15.3761
194.2415171 67.2429122 "HD 112640 b" "HD 112640" 0.24 1.7 613.2 1.8 5.0 1.15 4.07 nan 39.0 4155.0 6.07664
286.1621273 39.6780204 "Kepler-121 c" Kepler-121 0.0 0.216 41.008011 0.86 0.0182 0.203 2.71 425.0 0.7 5311.0 14.677
285.207421 45.384333 "Kepler-1130 c" Kepler-1130 0.0 0.042356 3.26663995 0.94 0.00133 0.071 4.66 1072.0 0.84 5450.0 12.3956
287.6057027 49.5233937 "Kepler-411 b" Kepler-411 0.146 0.0375 3.005156 0.87 0.08055 0.214 10.3 1138.0 0.82 4974.0 12.2327
297.1150949 41.9091092 "Kepler-11 g" Kepler-11 0.15 0.466 118.3807 0.96 0.079 0.297 4.0 376.0 1.06 5663.0 13.7062
281.8983042 42.1657112 "Kepler-1048 b" Kepler-1048 0.0 0.059 6.92101021 0.75 0.0101 0.144 4.24 619.0 0.7 4651.0 14.8444
264.7570417 -33.8080278 "KMT-2017-BLG-0673L b" KMT-2017-BLG-0673L nan 2.34 nan 0.63 3.67 1.16 2.92 nan nan nan nan
159.3412205 -63.6556923 "TOI-784 b" "HD 307842" 0.0 0.038 2.7970365 0.91 0.03043 0.172 7.4 1256.0 0.91 5558.0 9.23501
240.2600639 33.3001861 "rho CrB e" "rho CrB" 0.126 0.1061 12.949 0.95 0.01192 0.158 3.76 nan 1.35 5817.0 5.24167
285.6173937 39.3794684 "Kepler-821 b" Kepler-821 0.0 0.029 1.92279873 0.84 0.00714 0.117 5.55 1215.0 0.8 5191.0 14.8177
291.0201523 39.2206091 "Kepler-820 b" Kepler-820 0.0 0.5829 127.8338098 1.23 0.097 0.543 0.749 554.0 1.36 6260.0 13.9436
297.2789115 43.7239693 "Kepler-162 b" Kepler-162 0.0 0.069 6.919798 0.95 0.00669 0.112 5.85 961.0 0.96 5816.0 14.2231
293.5308112 39.3159329 "Kepler-183 b" Kepler-183 0.0 0.064 5.687945 0.94 0.0154 0.184 3.08 1088.0 0.96 5888.0 14.8934
34.8427046 -39.4230767 "2MASS J02192210-3925225 b" "2MASS J02192210-3925225" nan 156.0 nan 0.11 13.9 1.44 5.77 nan 0.28 3064.0 15.0123
282.8598614 42.6658336 "Kepler-1009 b" Kepler-1009 0.0 0.0796 11.35011917 0.59 0.0168 0.194 2.88 403.0 0.57 4027.0 15.3014
295.3708312 39.1772925 "Kepler-819 b" Kepler-819 0.0 0.1894 33.1995648 0.86 0.0253 0.246 2.1 485.0 0.81 5279.0 15.0662
285.4241593 47.8345586 "Kepler-811 b" Kepler-811 0.0 0.1583 23.58447697 1.01 0.0244 0.241 2.16 730.0 1.24 5747.0 13.9578
290.6761874 48.2942362 "Kepler-286 b" Kepler-286 0.0 0.027 1.796302 0.96 0.00651 0.111 5.97 1367.0 0.86 5580.0 15.5447
284.7548499 44.95605 "Kepler-214 b" Kepler-214 0.0 0.13 15.660544 1.11 0.023 0.233 2.26 758.0 1.35 6169.0 13.9058
295.8161668 51.1217249 "Kepler-232 c" Kepler-232 0.0 0.101 11.379349 0.97 0.0442 0.342 1.37 806.0 0.97 5847.0 15.3201
282.0354942 43.6312491 "Kepler-961 b" Kepler-961 0.0 0.1245 16.87727414 0.96 0.0221 0.227 2.33 642.0 0.9 5582.0 14.043
290.144339 44.0498808 "Kepler-985 b" Kepler-985 0.0 0.4451 116.331901 0.91 0.0288 0.266 1.9 323.0 0.85 5434.0 14.7169
293.3722109 44.7851812 "Kepler-804 b" Kepler-804 0.0 0.1137 14.37457351 1.01 0.0139 0.173 3.33 779.0 1.05 5817.0 13.7361
288.4474035 44.8017616 "Kepler-330 c" Kepler-330 0.0 0.116 15.955387 0.79 0.014 0.174 3.31 573.0 0.72 5117.0 15.2634
283.7317274 45.9585288 "Kepler-732 c" Kepler-732 0.0 0.0143 0.89304124 0.49 0.00678 0.113 5.77 893.0 0.46 3631.0 15.0519
283.7175909 47.2043818 "Kepler-1019 b" Kepler-1019 0.0 0.0221 1.41122985 0.7 0.00859 0.13 4.82 1164.0 0.67 4433.0 13.5934
155.5433193 41.2289354 "HD 89744 b" "HD 89744" 0.677 0.917 256.78 1.86 8.35 1.12 7.29 nan 2.13 6291.0 5.60551
292.3285976 49.6535171 "Kepler-842 b" Kepler-842 0.0 0.0204 1.21956827 0.78 0.01 0.143 4.28 1252.0 0.73 4848.0 15.1296
285.679298 50.2414842 "Kepler-10 b" Kepler-10 0.0 0.01685 0.8374907 0.91 0.01026 0.131 5.57 2188.0 1.06 5708.0 10.9191
287.391295 42.194822 "Kepler-279 c" Kepler-279 0.0 0.2236 35.736 1.1 0.155 0.384 0.3 774.0 1.07 6689.45 13.5847
293.5958044 39.0294267 "Kepler-791 b" Kepler-791 0.0 0.1256 14.5539759 1.3 0.03 0.272 1.85 939.0 1.47 6383.0 14.3687
293.7439223 38.9392217 "Kepler-786 b" Kepler-786 0.0 0.2548 53.5293487 0.81 0.0204 0.217 2.48 348.0 0.74 4838.0 14.9463
284.5557853 46.0638865 "Kepler-465 b" Kepler-465 0.0 0.0953 9.94067247 1.23 0.0283 0.263 1.93 996.0 1.29 6310.0 12.5914
281.4572217 46.7465538 "Kepler-960 b" Kepler-960 0.0 0.0414 3.12686223 0.77 0.0184 0.204 2.68 1391.0 0.72 4755.0 13.8413
312.3400744 -70.4850723 "TOI-2196 b" TOI-2196 0.0 0.02234 1.1947268 1.03 0.08181 0.313 3.31 1860.0 1.04 5634.0 11.8259
68.0205209 5.4100745 "HIP 21152 b" "HIP 21152" 0.36 17.0 22000.0 1.4 24.0 1.07 24.3 1300.0 1.59 6655.0 6.25568
291.4181275 38.6723124 "Kepler-93 c" Kepler-93 nan nan 1460.0 0.91 3.0 nan nan nan 0.92 5669.0 9.86249
55.2559307 13.5191871 "K2-79 b" K2-79 0.23 0.0988 10.9947 1.07 0.02895 0.365 0.73 1022.0 1.27 5897.0 11.8031
259.7510609 -34.9977651 "GJ 667 C b" "GJ 667 C" 0.2 0.050431 7.203 0.33 0.01789 0.201 2.74 nan nan 3350.0 9.38033
259.7510609 -34.9977651 "GJ 667 C c" "GJ 667 C" 0.02 0.125 28.14 0.33 0.012 0.158 3.77 nan nan 3350.0 9.38033
87.1398205 -63.9883286 "WASP-62 b" WASP-62 0.0 0.0571 4.41195 1.11 0.52 1.32 0.262 1475.3 1.23 6230.0 10.0721
259.7510609 -34.9977651 "GJ 667 C e" "GJ 667 C" 0.02 0.213 62.24 0.33 0.008 0.129 4.87 nan nan 3350.0 9.38033
259.7510609 -34.9977651 "GJ 667 C f" "GJ 667 C" 0.03 0.156 39.026 0.33 0.008 0.129 4.87 nan nan 3350.0 9.38033
259.7510609 -34.9977651 "GJ 667 C g" "GJ 667 C" 0.08 0.549 256.2 0.33 0.014 0.177 3.21 nan nan 3350.0 9.38033
78.2955912 33.3179532 "KELT-7 b" KELT-7 0.0 0.04415 2.73477 1.76 1.39 1.6 0.442 2048.0 1.81 6768.0 8.45173
304.538843 -1.0760033 "WASP-74 b" WASP-74 0.0 0.03443 2.13775 0.98 0.72 1.36 0.3697 1926.0 1.42 5990.0 9.5723
153.7090696 -47.1549358 "GJ 1132 b" "GJ 1132" 0.22 0.0153 1.628931 0.18 0.00522 0.101 6.3 529.0 0.21 3270.0 12.138
26.632936 2.700389 "WASP-76 b" WASP-76 0.0 0.033 1.80988198 1.46 0.894 1.854 0.17 2228.0 1.76 6329.0 9.39507
8.7401487 4.3807215 "HD 3167 b" "HD 3167" 0.0 0.01796 0.959641 0.84 0.01564 0.149 5.6 1774.0 0.88 5261.0 8.76221
8.7401487 4.3807215 "HD 3167 c" "HD 3167" 0.06 0.1776 29.8454 0.84 0.03502 0.268 2.11 564.0 0.88 5261.0 8.76221
173.9574203 -29.1560639 "HATS-18 b" HATS-18 0.166 0.0174 0.83784 1.04 1.9795 1.329 1.1169 2069.48 1.02 5600.0 13.8786
8.7401487 4.3807215 "HD 3167 d" "HD 3167" 0.12 0.0763 8.4112 0.84 0.01362 0.171 3.36 859.5 0.88 5261.0 8.76221
153.7090696 -47.1549358 "GJ 1132 c" "GJ 1132" 0.27 0.0476 8.929 0.18 0.00831 0.128 4.96 300.0 0.21 3270.0 12.138
341.3640336 -14.9917747 "HATS-60 b" HATS-60 0.191 0.04708 3.560829 1.1 0.662 1.153 0.537 1528.0 1.46 5688.0 12.5004
