confirmed_exoplanets_table_orbital_params.ecsv
# %ECSV 1.0
# ---
# datatype:
# - {name: ra, unit: deg, datatype: float64}
# - {name: dec, unit: deg, datatype: float64}
# - {name: pl_orbsmax, unit: AU, datatype: float64}
# - {name: pl_orbeccen, datatype: float64}
# - {name: pl_rvamp, unit: m / s, datatype: float64}
# - {name: pl_orbper, unit: d, datatype: float64}
# - {name: st_mass, unit: Msun, datatype: float64}
# - {name: pl_orbincl, unit: deg, datatype: float64}
# - {name: pl_orblper, unit: deg, datatype: float64}
# - {name: pl_orbtper, unit: d, datatype: float64}
# meta: !!omap
# - __serialized_columns__:
#     dec:
#       __class__: astropy.units.quantity.Quantity
#       unit: &id001 !astropy.units.Unit {unit: deg}
#       value: !astropy.table.SerializedColumn
#         __class__: astropy.utils.masked.core.MaskedNDArray
#         data: !astropy.table.SerializedColumn {name: dec}
#     pl_orbincl:
#       __class__: astropy.units.quantity.Quantity
#       unit: *id001
#       value: !astropy.table.SerializedColumn
#         __class__: astropy.utils.masked.core.MaskedNDArray
#         data: !astropy.table.SerializedColumn {name: pl_orbincl}
#     pl_orblper:
#       __class__: astropy.units.quantity.Quantity
#       unit: *id001
#       value: !astropy.table.SerializedColumn
#         __class__: astropy.utils.masked.core.MaskedNDArray
#         data: !astropy.table.SerializedColumn {name: pl_orblper}
#     pl_orbper:
#       __class__: astropy.units.quantity.Quantity
#       unit: &id002 !astropy.units.Unit {unit: d}
#       value: !astropy.table.SerializedColumn
#         __class__: astropy.utils.masked.core.MaskedNDArray
#         data: !astropy.table.SerializedColumn {name: pl_orbper}
#     pl_orbsmax:
#       __class__: astropy.units.quantity.Quantity
#       unit: !astropy.units.Unit {unit: AU}
#       value: !astropy.table.SerializedColumn
#         __class__: astropy.utils.masked.core.MaskedNDArray
#         data: !astropy.table.SerializedColumn {name: pl_orbsmax}
#     pl_orbtper:
#       __class__: astropy.units.quantity.Quantity
#       unit: *id002
#       value: !astropy.table.SerializedColumn
#         __class__: astropy.utils.masked.core.MaskedNDArray
#         data: !astropy.table.SerializedColumn {name: pl_orbtper}
#     pl_rvamp:
#       __class__: astropy.units.quantity.Quantity
#       unit: !astropy.units.Unit {unit: m / s}
#       value: !astropy.table.SerializedColumn
#         __class__: astropy.utils.masked.core.MaskedNDArray
#         data: !astropy.table.SerializedColumn {name: pl_rvamp}
#     ra:
#       __class__: astropy.units.quantity.Quantity
#       unit: *id001
#       value: !astropy.table.SerializedColumn
#         __class__: astropy.utils.masked.core.MaskedNDArray
#         data: !astropy.table.SerializedColumn {name: ra}
#     st_mass:
#       __class__: astropy.units.quantity.Quantity
#       unit: !astropy.units.Unit {unit: Msun}
#       value: !astropy.table.SerializedColumn
#         __class__: astropy.utils.masked.core.MaskedNDArray
#         data: !astropy.table.SerializedColumn {name: st_mass}
# schema: astropy-2.0
ra dec pl_orbsmax pl_orbeccen pl_rvamp pl_orbper st_mass pl_orbincl pl_orblper pl_orbtper
[from data line 2134]
294.4685197 49.3309789 0.0628 0.0 nan 5.03728015 1.3 80.72 nan nan
290.3484956 50.9028387 0.1975 0.0 nan 33.2406882 0.9 89.75 nan nan
286.5942529 37.8912836 0.0305 0.0 nan 2.85234897 0.35 89.45 nan nan
299.1275257 47.5938319 0.091 0.0 nan 10.937304 0.86 86.63 nan nan
283.9424274 41.4715535 0.1502 0.0 nan 20.0711504 1.1 88.07 nan nan
333.027079 29.0662082 0.706 0.163 98.6 232.08 0.87 nan -131.3 2456017.1
297.4771158 39.8772345 0.0875 0.0 nan 8.45808312 1.26 87.5 nan nan
283.3360156 47.1744499 0.1861 0.0 nan 37.6327084 0.63 89.69 nan nan
295.4812018 40.7319316 0.1348 0.0 nan 17.6700642 0.95 83.69 nan nan
294.3416065 46.4987624 0.1066 0.0 nan 13.1829642 0.84 89.97 nan nan
295.251187 45.8429537 0.503 0.0 nan 161.5163345 0.7 90.0 nan nan
286.5400278 49.4372614 0.079 0.33 nan 10.864384 0.5 88.58 nan nan
289.2962253 46.4579889 0.0585 0.0 nan 5.50860439 0.95 82.78 nan nan
283.2070156 48.5805222 0.22 0.0 nan 38.285489 0.95 89.85 nan nan
283.7977792 46.9310139 0.1707 0.0 nan 25.4338197 1.0 89.55 nan nan
296.4644914 49.1828952 0.3781 0.0 nan 77.2548396 1.1 88.6 nan nan
294.4418031 40.5575408 0.039 0.0 nan 3.295709 0.8 88.89 nan nan
290.1498822 41.4645625 0.1168 0.0 nan 14.0329154 0.95 89.85 nan nan
297.0200549 43.4325382 0.0313 0.0 nan 2.21571036 0.93 82.3 nan nan
291.9510277 38.2516419 0.3033 0.0 nan 66.4162133 0.81 89.7 nan nan
288.8119782 39.7706431 0.069 0.0 nan 6.941357 0.96 86.78 nan nan
283.3684093 41.821839 0.118 0.0 nan 14.627119 1.0 84.97 nan nan
90.3083455 34.7730904 0.0226 nan nan 1.7666957 0.49 nan nan nan
95.4162204 11.2516477 0.0491 0.089 13.25 3.738252 1.12 87.12 89.99 nan
160.8868435 -1.9126984 0.073 0.0 67.0 7.18585 1.01 89.4 nan nan
245.9079242 54.6900774 0.03089 0.0 nan 1.7727471 1.25 nan 90.0 nan
197.7312286 61.7448492 0.151 0.0 3.93 22.808533 0.88 nan 90.0 nan
117.9246417 9.3852412 0.148 0.0 2.66 21.4027 0.94 88.241 90.0 nan
298.6636163 47.7619329 0.064 0.0 nan 6.40013 0.84 85.83 nan nan
298.4828337 46.7936357 0.056 0.0 nan 4.662715 1.02 87.66 nan nan
294.4418031 40.5575408 0.0232 0.0 nan 1.49914695 0.8 87.54 nan nan
296.1512831 50.0957806 0.049 0.0 nan 4.302149 0.85 87.09 nan nan
286.5400278 49.4372614 0.0521 0.33 nan 5.8416366 0.5 89.94 nan nan
288.8119782 39.7706431 0.191 0.0 nan 31.781925 0.96 89.85 nan nan
298.4828337 46.7936357 0.105 0.0 nan 11.815007 1.02 87.15 nan nan
297.7292296 42.8666919 0.0167 0.01 nan 1.53818001 0.33 77.38 nan nan
294.9438822 39.0320499 0.083 0.0 nan 8.77501 0.86 88.45 nan nan
290.8241931 44.6472832 0.057 0.0 nan 4.822962 1.07 87.56 nan nan
266.406 -24.4472778 3.29 nan nan nan 0.92 nan nan nan
298.2581101 47.6050031 0.041 0.0 nan 4.164389 0.54 87.73 nan nan
288.8119782 39.7706431 0.051 0.0 nan 4.362705 0.96 86.03 nan nan
284.510214 43.9615628 0.3344 0.0 nan 37.3229493 1.09 88.92 nan nan
293.1650085 41.746184 0.1681 0.0 nan 26.0840594 1.04 89.84 nan nan
289.4390075 49.7312226 0.059 0.0 nan 5.94220998 0.8 89.74 nan nan
298.0954404 44.7370612 0.1467 0.0 nan 19.9157725 1.11 87.45 nan nan
290.825835 44.1838993 0.058 0.0 nan 6.827766 0.59 89.09 nan nan
291.6288086 41.2088351 0.065 0.0 nan 6.738088 0.86 89.57 nan nan
302.7984228 -61.1354659 0.332 0.018 69.17 75.12375 0.89 89.643 125.6 nan
269.693417 -27.6179444 4.51 nan nan nan 1.11 nan nan nan
115.1366858 2.0985879 0.02636 nan nan 1.8237305 0.73 86.75 nan nan
212.8207093 54.4089731 0.86 0.34 22.85 270.66 1.15 0.808 18.28 nan
294.1378921 42.3704075 0.042 0.0 nan 3.282807 1.04 88.82 nan nan
118.5439118 -25.3023073 0.256 0.17 1.89 60.722 0.61 nan 125.0 2452956.2
186.8729195 -6.7218474 0.0131 0.0 2.2 0.584216 0.87 89.7 nan nan
259.7510609 -34.9977651 0.156 0.03 1.08 39.026 0.33 nan 103.1 nan
312.4493079 -24.303506 0.04163 0.298 10.2 3.2768837 0.9 87.92 nan nan
259.7510609 -34.9977651 0.050431 0.2 4.3 7.203 0.33 nan -2.7 2454272.9711
189.7041426 -10.0605942 0.0886 nan nan 10.09489 0.91 88.676 nan nan
355.702386 -9.5887124 nan nan nan 3.312792 0.79 nan nan nan
99.2915429 17.5662696 0.02933 0.039 1.69 2.76953 0.44 87.35 57.0 nan
349.3843458 1.3001522 0.03817 0.0 4.62 3.471745 0.83 86.846 nan nan
346.6263919 -5.0434618 0.01154 0.00622 nan 1.510826 0.09 89.728 336.86 nan
346.6263919 -5.0434618 0.02925 0.0051 nan 6.101013 0.09 89.793 108.37 nan
283.7407247 47.5161237 0.0219 0.0 nan 1.68269615 0.51 89.85 nan nan
294.9489697 46.4388673 0.166 0.0 nan 28.906009 0.78 88.68 nan nan
287.391295 42.194822 0.112 0.0 nan 12.309681 1.16 83.92 nan nan
298.6609094 48.6063022 0.1012 0.0 nan 12.92491623 0.87 88.26 nan nan
297.6509281 47.3962246 0.064 0.0 nan 5.45849832 1.15 85.39 nan nan
288.0119248 46.1176003 0.071 0.0 nan 6.511127 0.95 86.75 nan nan
295.7010981 38.9458209 0.326 0.0 nan 62.784697 1.15 89.84 nan nan
292.1504723 39.6375254 0.0768 0.0 nan 7.75192492 1.04 87.83 nan nan
288.3969751 40.2131892 0.0829 0.0 nan 8.82713457 0.97 89.57 nan nan
283.8996207 45.0169137 0.1341 0.0 nan 17.4211749 1.05 88.24 nan nan
293.8345542 42.624948 0.0589 0.0 nan 4.41745855 1.4 89.58 nan nan
291.4688524 40.3437001 0.0618 0.0 nan 6.83437001 0.72 85.83 nan nan
292.1504723 39.6375254 0.0508 0.0 nan 4.1653651 1.04 87.83 nan nan
292.3760942 47.8809596 0.076 0.0 nan 8.109044 0.91 89.92 nan nan
285.6558336 45.0794516 0.1805 0.0 nan 29.90722674 0.97 89.97 nan nan
229.8374423 29.2078771 nan 0.0 4.4 7.435583 0.57 88.52 nan nan
280.3266806 70.2900536 0.0546 0.0 2.59 4.841962 0.91 87.5 90.0 nan
343.5723794 -43.0102291 0.10479 0.17 nan 14.245648 0.76 89.24 -70.0 nan
287.7411441 -60.2726358 0.0787 0.32 150.0 7.713057 1.09 87.14 17.0 nan
30.9050061 21.2813274 0.145 0.0 2.06 20.772858 0.94 nan 90.0 nan
30.9050061 21.2813274 0.269 0.0 1.39 52.56363 0.94 nan 90.0 nan
174.9602543 0.603596 0.074 0.2 9.6 7.9222 0.88 91.5 271.0 2456809.5
198.8436817 -6.4649888 nan nan nan 7.4500177 0.8 89.86 nan nan
125.617407 13.7353093 0.04881 nan 131.0 3.0801716 1.64 84.87 nan nan
297.4865503 49.6233975 0.3554 0.21 2.09 81.73778 0.89 89.73 140.0 nan
291.0323102 49.0402129 1.469 0.102 17.2 632.62 1.06 nan 256.4 nan
134.9576234 -48.4884929 0.05649 0.061 81.0 5.1750073 0.9 86.61 121.0 nan
207.526001 -40.8358961 nan 0.059 nan 6.959503 1.22 89.34 -17.0 nan
263.7580753 40.6950428 0.111 0.21 370.7 10.261127 1.72 88.1 96.37 nan
270.30375 -27.4267639 3.76 nan nan nan 0.69 nan nan nan
259.7510609 -34.9977651 0.125 0.02 1.71 28.14 0.33 nan 292.2 2454462.0
300.1023512 45.7621918 0.0446 0.066 125.0 3.2467293 1.12 84.96 nan nan
152.2182549 69.2766204 0.03845 0.049 3.87 3.444714 0.63 88.9 78.0 nan
261.3495847 52.7904721 nan nan 2.261 3.432 1.08 nan nan nan
209.2171751 68.6182106 0.08 0.0 nan 8.953458 0.84 nan 90.0 nan
20.2148196 66.0722009 1.57 0.26 54.7 762.0 0.88 nan 138.0 nan
291.1593939 51.3348228 0.1053 0.0 nan 12.91375431 1.15 85.45 nan nan
296.8034146 46.7411011 0.3 0.0 nan 55.188023 1.17 89.72 nan nan
293.2936129 42.1963497 0.307 0.0 nan 57.68802 1.14 88.74 nan nan
55.4590314 -62.7672667 0.04298 0.07 0.29 3.97664 0.67 87.95 19.0 nan
306.741134 33.7443882 0.145 0.0 16.0 18.712024 1.16 89.68 2.0 2458690.2
296.2446203 74.0628577 0.091 0.29 6.18 10.288914 0.93 nan 98.0 nan
334.5041029 54.3190454 0.173 0.0 9.7 25.8401 1.04 89.69 90.0 2458744.1
243.4888534 63.5335297 0.215 0.327 4.15 37.46852 0.94 nan 120.0 nan
164.3491401 -29.9971229 0.0676 0.056 14.8 6.2463345 1.06 88.49 nan nan
256.7706392 70.2384806 0.051 0.0 35.0 3.9443736 1.16 88.81 0.6 nan
196.2197201 63.753261 0.212 0.0 14.4 38.8 0.84 nan 74.0 nan
107.8436846 -68.8333403 0.229 0.68 nan 29.04992 1.89 89.3 nan nan
83.8689794 -14.5971909 0.02065 0.009 837.1 1.44044527 0.56 84.35 nan nan
94.2838373 76.21102 0.166 0.0 4.87 24.283377 1.03 89.8 90.0 nan
89.1300265 -5.0120298 0.04871 0.0 29.7 4.0197517 0.95 88.98 nan nan
119.0598183 -35.1167104 0.0493 0.0 91.0 4.039709 0.98 87.73 nan nan
224.3560083 44.2743223 0.0743 0.0 16.3 6.607662 1.25 87.28 nan nan
284.2960393 51.2691212 0.0379 0.058 177.7 2.797436 0.93 86.9 164.0 nan
113.7582526 17.8300283 0.0509 0.0 63.6 3.54387 1.4 87.0 nan nan
285.2685283 48.5598835 0.0769 0.123 141.0 7.79430132 1.0 86.55 98.3 nan
297.3330716 41.8911186 0.1013 0.43 3.5 10.423648 1.28 88.36 nan nan
287.8872376 46.2761224 0.0711 0.0 nan 7.1262 0.96 84.02 nan nan
144.0074644 -21.6650634 0.204 nan 2.09 55.661 0.34 nan nan nan
277.4780753 85.2333208 0.04421 0.038 80.5 2.8641424 1.41 83.45 nan nan
261.3495847 52.7904721 nan nan 1.907 5.1980814 1.08 nan nan nan
173.1919022 2.2446794 0.0792 0.5 2.1 8.28246 0.97 87.6 nan nan
287.3619673 38.7141384 0.0434 0.0 2.7 2.7858212 1.41 83.2 -15.0 2456797.9
229.99122 36.229545 0.04438 0.0 81.1 3.056536 0.56 89.91 97.4 2464187.86
13.0009159 34.728402 0.0434 0.051 84.7 3.257215 1.03 88.0 233.0 nan
33.1310921 51.7787754 0.0667 0.09 78.3 5.72319 1.45 87.1 159.0 2456464.1
65.469614 21.3532633 0.0946 nan nan 13.85 0.65 88.96 nan nan
65.469614 21.3532633 0.1937 nan nan 40.718 0.65 89.61 nan nan
245.4405531 -23.548273 0.022 0.0 350.9 1.25785 0.91 79.9 nan nan
359.9008737 -35.0313349 5.28 0.0 115.0 4323.0 1.04 nan 90.0 2452613.0
321.3662989 -81.6414894 7493.0 nan nan nan 0.64 nan nan nan
151.0884754 50.3861806 350.0 nan nan nan 0.52 nan nan nan
9.5730343 42.4630961 0.0413 0.036 531.1 2.77596 1.22 86.6 214.0 nan
285.1568015 47.8732512 0.0144 0.0 nan 0.63642408 0.89 86.33 nan nan
195.9818362 30.640145 2.39 0.21 65.7 1276.0 1.13 nan 268.7 nan
247.6229827 38.3475349 0.04364 0.0 43.3 2.87589 1.42 84.55 109.0 2453317.838
201.9626552 9.0306437 0.1 0.276 21.7 9.5739181 1.46 88.4 67.6 nan
234.4317651 48.955206 0.128 0.0 7.97 15.3444 1.18 nan 57.0 nan
43.4344615 69.101345 0.073 0.0 4.01 7.073076 1.04 87.3 90.0 nan
40.1798608 1.1996757 nan nan nan 15.669494 0.66 89.38 nan nan
290.4132621 38.3437283 0.051 0.0 nan 4.244384 0.98 75.07 nan nan
292.1370409 42.4294835 0.07106 0.017 nan 8.99 0.68 89.98 nan nan
287.6979913 42.3385782 0.3474 0.082 2.12 77.611455 0.93 89.708 nan nan
286.830312 42.2791434 0.4632 0.032 nan 105.599 0.94 89.442 nan nan
295.2978883 46.9204303 0.2877 0.021 nan 49.4643 0.96 89.752 48.6 nan
259.7510609 -34.9977651 0.213 0.02 0.92 62.24 0.33 nan 28.6 nan
153.7090696 -47.1549358 0.0153 0.22 2.85 1.628931 0.18 88.6 nan nan
102.489811 60.3373133 0.1951 0.55 1.48 38.06 0.69 nan 101.0 2456557.14
293.2866147 -54.5327284 0.1334 0.28 4.9 17.471278 1.03 89.33 90.0 nan
311.2697002 44.5002351 0.01406 nan 2.25 0.9263237 0.41 87.7 nan nan
348.3372026 57.1696255 0.03876 0.0 2.381 3.092926 0.81 85.05 0.0 2449999.5
155.8719377 -43.8349248 0.0903 0.2 2.6 11.197259 0.78 89.36 nan nan
12.9908008 13.0783712 0.073 0.33 336.0 5.858858 1.48 83.3 75.0 nan
290.9734395 45.2902761 0.13 0.0 nan 17.91323 0.87 87.39 nan nan
207.6554928 -6.8040714 0.02153 0.0 558.7 1.33711647 0.74 86.12 nan nan
95.3088995 53.2950203 0.641 0.9412 463.3 165.7719 1.27 85.17 42.32 nan
285.213819 39.027466 0.0258 0.0 nan 1.59474546 0.94 85.25 nan nan
284.0323723 39.7815365 0.158 0.0 nan 28.551383 0.66 89.17 nan nan
264.5166667 -28.041625 4.39 nan nan nan 0.51 nan nan nan
199.596455 -18.3157745 0.476 0.35 3.25 123.01 0.94 nan 314.0 nan
291.6408978 41.2411044 0.0747 0.0 nan 8.30864937 0.86 88.99 nan nan
298.7363395 46.4991236 0.0439 0.0 3.0 8.15275 0.18 89.61 nan nan
201.6168564 -2.2819018 nan nan nan 15.466805 0.87 nan nan nan
135.3443583 6.0970828 0.0575 0.0 113.5 4.641878 1.18 85.9 nan nan
296.4797624 49.9376486 0.509 0.008 nan 130.194 1.04 89.91 -12.6 nan
68.4160804 -51.9573937 0.04526 0.027 4.16 5.6605731 0.39 89.36 10.0 nan
286.8085258 49.3164211 0.03563 0.0 181.3 2.47063 1.36 83.57 24.0 nan
265.6202083 -27.6391389 1.75 nan nan nan 0.38 nan nan nan
283.6282602 48.3908081 0.0692 0.13 nan 9.87863917 0.52 89.97 nan nan
290.7659557 38.9279468 0.0457 0.0 nan 3.57320367 1.09 89.69 nan nan
291.4688524 40.3437001 0.087 0.0 nan 11.419412 0.65 85.38 nan nan
293.6856893 48.8249915 0.165 0.0 nan 28.51120525 0.78 88.68 nan nan
294.1378921 42.3704075 0.056 0.0 nan 5.028219 1.04 88.37 nan nan
285.516872 38.9324587 0.1201 0.0 nan 16.21775407 1.03 89.21 nan nan
296.6368878 43.8027948 0.1277 0.0 nan 17.58752333 0.96 89.81 nan nan
193.8988441 3.3972376 1.33 0.36 353.99 466.63 1.4 nan 333.29 2453611.56
53.1594266 -81.250745 0.041657 0.132 7.244 3.183792 0.95 86.475 35.856 nan
208.9447534 40.3918061 0.0795 0.259 367.0 7.433234 1.21 86.98 -65.8 nan
294.3374248 35.2764934 0.05593 0.035 239.0 4.0966692 1.39 88.3 46.0 nan
296.2446203 74.0628577 0.124 0.0 2.12 16.432 0.93 nan 90.0 nan
350.0285917 -60.0657292 0.02091 0.21 3.66 1.4015 0.62 85.5 nan nan
133.0147781 11.6899626 0.384 0.0 74.0 77.48 1.26 nan 90.0 nan
266.406 -24.4472778 2.77 nan nan nan 0.92 nan nan nan
291.3021458 47.6976573 0.073 0.0 nan 8.014927 0.94 87.69 nan nan
287.2187273 38.8625366 0.098 0.0 nan 13.89961966 0.7 87.8 nan nan
283.5048144 49.4509371 0.0315 0.0 nan 2.3432319 0.83 89.7 nan nan
282.3919451 43.8894167 3.235796 0.013121 20.412 2047.635373 1.08 nan nan nan
286.0363025 49.6145027 3.270904 0.221479 164.0 3000.0 1.0 nan nan nan
257.3288678 71.8766724 0.154 0.3 2.25 21.269084 1.09 nan 37.0 nan
117.4793699 27.3631342 0.072 0.0 12.5 7.1079384 0.99 89.38 90.0 nan
117.4793699 27.3631342 0.146 0.0 4.1 20.543847 0.99 89.147 90.0 nan
282.4922622 43.9802442 0.165118 0.037 nan 22.8 1.18 89.53 nan nan
289.0758307 51.757229 0.7048 0.0069 11.8 228.776 0.69 90.032 318.0 2457535.0
293.7583002 41.871807 2.16 0.2 95.21 1002.0 1.67 nan -15.0 nan
292.4797004 38.5149018 0.132 0.0 nan 16.088134 1.16 87.82 nan nan
296.8383661 46.6263912 0.0484 0.0 nan 3.75083228 0.95 90.0 nan nan
282.2325197 43.6655662 0.07295 0.0 nan 9.77 0.66 89.84 nan nan
292.5844328 49.9232012 0.0622 0.0 nan 5.69919514 1.0 89.98 nan nan
288.6615682 49.7371538 0.1432 0.0 nan 18.11472949 1.21 85.95 nan nan
292.9227926 38.4772173 0.204 0.0 nan 33.197861 1.08 88.53 nan nan
284.6162253 49.1907438 0.2716 0.0 nan 51.300634 0.93 90.0 nan nan
287.2566578 46.0667247 0.0852 0.0 nan 9.7678805 0.91 86.73 nan nan
284.2513637 48.8095962 0.479 0.0 nan 124.4198398 0.85 90.0 nan nan
199.596455 -18.3157745 0.050201 0.12 2.12 4.215 0.94 nan 105.0 nan
291.0837644 40.3552252 0.2881 0.0 nan 53.44945593 1.06 89.93 nan nan
297.4825612 40.6807412 0.1392 0.0 nan 19.17891293 0.93 89.99 nan nan
293.8656181 47.0268148 0.1153 0.0 nan 14.878296 0.88 85.91 nan nan
295.3225434 39.3764624 0.0247 0.0 nan 1.34059747 1.11 89.94 nan nan
50.0139757 -28.7841175 0.3374 0.06 2.6 85.5073 0.7 nan 70.59 2455513.3912
351.6144715 8.6428871 4.94 0.51 20.0 3724.7 1.16 nan 259.0 2453866.4
288.7549029 48.226203 0.0374 0.0 nan 2.52559332 1.01 85.41 nan nan
151.6597827 18.6340631 0.06519 0.0 nan 5.4588385 1.24 88.79 0.0 nan
291.467454 50.7595597 0.0492 0.0 nan 3.744439 1.14 89.01 nan nan
289.5063796 45.3709728 0.1175 0.0 nan 13.93290318 1.17 87.14 nan nan
295.4174725 43.6056117 0.0362 0.0 nan 2.57885507 1.05 84.69 nan nan
336.5761233 -18.011665 0.091 0.47 1.97 9.97748 1.01 88.6 20.0 nan
283.6180825 47.1967793 0.0501 0.0 nan 4.24374723 0.98 89.82 nan nan
296.1125759 39.9787451 0.0372 0.0 nan 3.07222 0.73 88.35 nan nan
285.1683291 44.0264898 0.029 0.0 nan 2.211099 0.63 84.94 nan nan
282.2325197 43.6655662 0.11796 0.0 nan 20.09 0.66 87.49 nan nan
295.9261101 45.383869 0.075 0.0 nan 7.1396941 0.92 89.89 nan nan
295.4865821 51.0135237 0.082 0.14 nan 7.51464 1.19 87.91 nan nan
293.7471107 45.1071981 0.2918 0.0 nan 58.3620495 0.96 89.67 nan nan
286.5747697 44.7951858 0.1106 0.0 nan 14.13176026 0.85 86.95 nan nan
298.2520208 40.4960842 0.25 0.0 nan 44.552169 1.06 89.07 nan nan
290.7476903 48.2419838 0.0612 0.0 nan 5.26341577 1.03 85.55 nan nan
293.3628165 39.2124394 0.0895 0.0 nan 10.50682565 0.9 88.93 nan nan
298.5153169 41.8912305 0.512 0.0 nan 134.2527298 1.05 90.0 nan nan
290.1196007 46.2737393 0.1333 0.0 nan 18.00931444 0.93 88.73 nan nan
292.2760929 39.5501136 0.0412 0.0 nan 3.22296927 1.06 87.67 nan nan
292.4461832 46.2897548 0.1418 0.0 nan 22.18432708 0.8 89.97 nan nan
293.3002774 41.5233244 0.0749 0.0 nan 7.76846622 0.96 88.68 nan nan
284.2739322 41.5349809 0.2559 0.0 nan 49.7701438 0.93 88.8 nan nan
297.3915863 48.5606875 0.2654 0.0 nan 44.9309804 1.19 89.42 nan nan
295.300065 40.5565792 0.1063 0.0 nan 13.5225106 0.93 89.52 nan nan
