confirmed_exoplanets_table.ecsv
# %ECSV 1.0
# ---
# datatype:
# - {name: ra, unit: deg, datatype: float64}
# - {name: dec, unit: deg, datatype: float64}
# - name: pl_name
#   datatype: string
#   description: Planet Name
#   meta: !!omap
#   - {_votable_string_dtype: char}
# - name: hostname
#   datatype: string
#   description: Host Name
#   meta: !!omap
#   - {_votable_string_dtype: char}
# - {name: pl_orbeccen, datatype: float64}
# - {name: pl_orbsmax, unit: AU, datatype: float64}
# - {name: pl_orbper, unit: d, datatype: float64}
# - {name: st_mass, unit: Msun, datatype: float64}
# - {name: pl_bmassj, unit: jupiterMass, datatype: float64}
# - {name: pl_radj, unit: jupiterRad, datatype: float64}
# - {name: pl_dens, unit: g / cm3, datatype: float64}
# - {name: pl_eqt, unit: K, datatype: float64}
# - {name: st_rad, unit: Rsun, datatype: float64}
# - {name: st_teff, unit: K, datatype: float64}
# - {name: sy_gaiamag, unit: mag, datatype: float64}
# meta: !!omap
# - __serialized_columns__:
#     dec:
#       __class__: astropy.units.quantity.Quantity
#       unit: &id001 !astropy.units.Unit {unit: deg}
#       value: !astropy.table.SerializedColumn
#         __class__: astropy.utils.masked.core.MaskedNDArray
#         data: !astropy.table.SerializedColumn {name: dec}
#     pl_bmassj:
#       __class__: astropy.units.quantity.Quantity
#       unit: !astropy.units.Unit {unit: jupiterMass}
#       value: !astropy.table.SerializedColumn
#         __class__: astropy.utils.masked.core.MaskedNDArray
#         data: !astropy.table.SerializedColumn {name: pl_bmassj}
#     pl_dens:
#       __class__: astropy.units.quantity.Quantity
#       unit: !astropy.units.Unit {unit: g / cm3}
#       value: !astropy.table.SerializedColumn
#         __class__: astropy.utils.masked.core.MaskedNDArray
#         data: !astropy.table.SerializedColumn {name: pl_dens}
#     pl_eqt:
#       __class__: astropy.units.quantity.Quantity
#       unit: &id002 !astropy.units.Unit {unit: K}
#       value: !astropy.table.SerializedColumn
#         __class__: astropy.utils.masked.core.MaskedNDArray
#         data: !astropy.table.SerializedColumn {name: pl_eqt}
#     pl_orbper:
#       __class__: astropy.units.quantity.Quantity
#       unit: !astropy.units.Unit {unit: d}
#       value: !astropy.table.SerializedColumn
#         __class__: astropy.utils.masked.core.MaskedNDArray
#         data: !astropy.table.SerializedColumn {name: pl_orbper}
#     pl_orbsmax:
#       __class__: astropy.units.quantity.Quantity
#       unit: !astropy.units.Unit {unit: AU}
#       value: !astropy.table.SerializedColumn
#         __class__: astropy.utils.masked.core.MaskedNDArray
#         data: !astropy.table.SerializedColumn {name: pl_orbsmax}
#     pl_radj:
#       __class__: astropy.units.quantity.Quantity
#       unit: !astropy.units.Unit {unit: jupiterRad}
#       value: !astropy.table.SerializedColumn
#         __class__: astropy.utils.masked.core.MaskedNDArray
#         data: !astropy.table.SerializedColumn {name: pl_radj}
#     ra:
#       __class__: astropy.units.quantity.Quantity
#       unit: *id001
#       value: !astropy.table.SerializedColumn
#         __class__: astropy.utils.masked.core.MaskedNDArray
#         data: !astropy.table.SerializedColumn {name: ra}
#     st_mass:
#       __class__: astropy.units.quantity.Quantity
#       unit: !astropy.units.Unit {unit: Msun}
#       value: !astropy.table.SerializedColumn
#         __class__: astropy.utils.masked.core.MaskedNDArray
#         data: !astropy.table.SerializedColumn {name: st_mass}
#     st_rad:
#       __class__: astropy.units.quantity.Quantity
#       unit: !astropy.units.Unit {unit: Rsun}
#       value: !astropy.table.SerializedColumn
#         __class__: astropy.utils.masked.core.MaskedNDArray
#         data: !astropy.table.SerializedColumn {name: st_rad}
#     st_teff:
#       __class__: astropy.units.quantity.Quantity
#       unit: *id002
#       value: !astropy.table.SerializedColumn
#         __class__: astropy.utils.masked.core.MaskedNDArray
#         data: !astropy.table.SerializedColumn {name: st_teff}
#     sy_gaiamag:
#       __class__: astropy.units.quantity.Quantity
#       unit: !astropy.units.Unit {unit: mag}
#       value: !astropy.table.SerializedColumn
#         __class__: astropy.utils.masked.core.MaskedNDArray
#         data: !astropy.table.SerializedColumn {name: sy_gaiamag}
# schema: astropy-2.0
ra dec pl_name hostname pl_orbeccen pl_orbsmax pl_orbper st_mass pl_bmassj pl_radj pl_dens pl_eqt st_rad st_teff sy_gaiamag
[from data line 4850]
287.4776359 46.1411685 "Kepler-1085 b" Kepler-1085 0.0 0.7391 219.3217528 1.11 0.13 0.644 0.602 313.0 1.14 6000.0 15.2469
287.4776359 46.1411685 "Kepler-1085 c" Kepler-1085 0.0 0.3002 56.7771 1.05 0.0337 0.292 1.68 491.0 1.08 5816.0 15.2469
283.23581 41.343037 "Kepler-132 c" Kepler-132 0.0 0.068 6.414914 0.98 0.00687 0.114 5.71 1069.0 1.18 6003.0 nan
289.8805804 51.2769907 "Kepler-537 b" Kepler-537 0.0 0.0442 3.24755522 1.07 0.00809 0.126 5.04 1181.0 0.99 5763.0 13.0657
298.2948708 48.7754 "Kepler-313 c" Kepler-313 0.0 0.208 32.273273 1.08 0.0224 0.229 2.31 683.0 1.54 5727.0 14.1106
129.2823699 20.3992512 "K2-274 b" K2-274 nan 0.0964 14.1330314 0.79 0.0157 0.186 3.04 655.0 0.7 5044.0 12.8852
59.1527391 22.4724517 "K2-90 c" K2-90 0.19 0.035 2.900706 0.7 0.00705 0.116 5.6 nan 0.63 4421.98 13.2292
129.8137008 23.3574367 "K2-188 c" K2-188 nan 0.0785 7.810253 1.06 0.0264 0.252 2.04 1026.0 1.19 5977.0 12.4903
102.1946233 -0.6727861 "CoRoT-4 b" CoRoT-4 0.0 0.09 9.20205 1.16 0.72 1.19 0.525 1074.0 1.17 6190.0 13.5613
298.4264116 47.9468194 "Kepler-1189 b" Kepler-1189 0.0 0.0467 3.78858982 1.11 0.0119 0.158 3.75 1158.0 1.16 6012.0 14.249
319.2250346 27.2582799 "HD 202696 c" "HD 202696" 0.028 2.342 946.6 1.91 1.864 nan nan nan 6.43 5040.0 7.95929
284.1832668 45.0740897 "Kepler-1045 b" Kepler-1045 0.0 0.1616 26.41045478 0.86 0.0242 0.24 2.17 512.0 0.82 5301.0 15.549
281.0503476 47.1882005 "Kepler-1735 b" Kepler-1735 0.0 0.0621 7.71792984 0.54 0.00578 0.107 5.94 502.0 0.51 3975.0 15.2237
287.242641 42.3014185 "Kepler-244 c" Kepler-244 0.0 0.087 9.767292 0.96 0.0153 0.183 3.1 791.0 0.8 5554.0 15.5455
46.9090081 -72.3219221 "HD 20003 c" "HD 20003" 0.1 0.1964 33.9239 0.88 0.0454 0.347 1.35 nan 0.92 5494.0 8.19184
272.6326268 54.2876184 "HD 167042 b" "HD 167042" 0.01 1.22 417.67 1.39 1.397 1.21 0.97 nan 4.63 4919.0 5.72384
288.7094401 31.8604391 "HD 180314 b" "HD 180314" 0.247 1.448 394.73 2.6 22.707 1.07 22.9 nan 9.2 4917.0 6.34583
285.6671724 48.7195865 "Kepler-1673 b" Kepler-1673 0.0 0.2127 33.7888 1.11 0.0281 0.262 1.94 611.0 1.13 6014.95 13.5988
286.8527157 49.2616668 "Kepler-1664 b" Kepler-1664 0.0 0.1137 14.3868 0.94 0.0297 0.271 1.86 776.0 1.07 5735.81 13.5307
286.2543962 41.0218373 "Kepler-1691 b" Kepler-1691 0.0 0.0495 3.8482 1.11 0.0127 0.164 3.58 1283.0 1.13 6000.0 14.8807
295.2126472 49.56216 "Kepler-1717 b" Kepler-1717 0.0 0.2014 30.65279961 1.16 0.029 0.267 1.89 780.0 1.64 6200.0 13.3
292.2910129 37.5807686 "Kepler-1732 b" Kepler-1732 0.0 0.2015 32.31240082 1.04 0.0496 0.366 1.25 699.0 1.49 5821.0 14.7163
283.7457695 48.373469 "Kepler-1339 b" Kepler-1339 0.0 0.0234 1.34155513 0.94 0.0009 0.063 4.38 1642.0 0.93 5586.0 12.1235
285.4992845 49.2772713 "Kepler-668 b" Kepler-668 0.0 0.0768 8.35390639 0.87 0.0244 0.241 2.16 790.0 0.82 5352.0 15.2931
129.7768928 19.0100046 "K2-273 b" K2-273 nan 0.0729 11.7195663 0.89 0.03 0.272 1.85 849.0 0.85 5161.0 13.1461
284.6888328 46.1721391 "Kepler-735 b" Kepler-735 0.0 0.0965 11.51516988 0.85 0.0283 0.263 1.93 657.0 0.8 5107.0 15.3849
186.0853062 -6.3789537 "K2-253 b" K2-253 nan 0.0506 4.00167 1.08 nan 1.13 nan 1238.0 1.1 6027.0 14.7042
148.3783199 35.570548 "Wolf 327 b" "Wolf 327" 0.0 0.01 0.5734745 0.41 0.00796 0.111 7.24 996.0 0.41 3542.0 11.9522
294.121482 48.3497977 "Kepler-114 d" Kepler-114 0.0 0.08358 11.776 0.56 0.012 0.226 1.32 446.0 0.54 4660.0 13.7125
287.5220359 51.3759464 "Kepler-1234 b" Kepler-1234 0.0 0.096 11.94014029 0.8 0.0261 0.251 2.06 625.0 0.76 4967.0 15.878
289.1471849 45.86613 "Kepler-1153 b" Kepler-1153 0.0 0.0277 1.75583533 0.91 0.0115 0.154 3.86 1343.0 0.88 5470.0 15.7976
291.1587635 40.7502108 "Kepler-240 c" Kepler-240 0.0 0.074 7.953528 0.75 0.322 0.196 52.8 696.0 0.74 4985.0 15.6622
216.8852514 -51.9329118 "HD 126525 b" "HD 126525" 0.035 1.837 960.41 0.9 0.237 0.919 0.379 nan 0.98 5638.0 7.66978
16.9536005 -8.2336165 "HD 6718 b" "HD 6718" 0.1 3.55 2496.0 1.08 1.68 1.2 1.19 nan 0.95 5801.0 8.28147
162.6440933 -61.9572476 "OGLE-TR-132 b" OGLE-TR-132 0.6 0.03035 1.689868 1.3 1.18 1.2 0.85 2013.0 1.32 6210.0 16.4883
289.1954229 46.6516055 "Kepler-1377 b" Kepler-1377 0.0 0.0153 0.74092842 0.86 0.0066 0.112 5.91 1873.0 0.82 5218.0 15.8887
294.9589285 38.5915968 "Kepler-1171 b" Kepler-1171 0.0 0.0284 1.44259224 1.58 0.0223 0.228 2.32 2700.0 1.95 7044.0 11.4587
295.0641963 49.3589615 "Kepler-1207 b" Kepler-1207 0.0 0.1156 13.68237119 1.06 0.0102 0.145 4.21 802.0 1.06 5909.0 14.4485
295.4623336 40.7769335 "Kepler-1283 b" Kepler-1283 0.0 0.1062 12.9460978 1.16 0.0136 0.17 3.4 764.0 1.25 6175.0 15.0697
132.142853 17.1905813 "K2-120 b" K2-120 0.14 0.078 9.562742 0.69 0.0148 0.179 3.18 nan 0.67 4349.9 13.9329138
176.1705487 30.9576484 "HIP 57274 b" "HIP 57274" 0.19 0.07 8.1352 0.29 0.02 0.214 2.53 nan 0.78 4510.0 8.57069
134.4441404 21.4532748 "K2-123 b" K2-123 0.06 0.1649 30.951524 0.62 0.0253 0.246 2.1 338.0 0.59 4035.0 14.0916
289.7805393 49.8965624 "Kepler-154 c" Kepler-154 0.0 0.303 62.303276 0.98 0.0283 0.263 1.93 454.0 1.0 5690.0 14.5121
291.9600082 44.9000587 "Kepler-389 b" Kepler-389 0.0 0.041 3.244107 0.81 0.00909 0.135 4.61 1047.0 0.79 5376.0 15.7495
288.6986828 39.7082044 "Kepler-626 b" Kepler-626 0.0 0.115 14.48585199 1.01 0.0184 0.204 2.68 784.0 1.05 5813.0 13.9435
290.5663221 40.6920756 "Kepler-545 b" Kepler-545 0.0 0.1087 13.24934059 1.04 0.0242 0.24 2.17 806.0 1.07 5882.0 14.105
267.008125 -35.0054111 "MOA-2009-BLG-266L b" MOA-2009-BLG-266L nan 3.2 2800.0 0.56 0.0327 0.286 1.73 nan nan nan nan
290.8882981 51.2481617 "Kepler-1903 b" Kepler-1903 0.0 0.1321 17.0678997 1.05 0.0184 0.204 2.69 769.0 1.0 6347.0 15.3413
281.8980828 42.2858185 "Kepler-1945 b" Kepler-1945 0.0 0.0597 6.08003998 0.77 0.00695 0.115 5.67 808.0 0.8 4991.0 nan
269.014 -29.0828889 "OGLE-2018-BLG-1011L b" OGLE-2018-BLG-1011L nan 1.8 nan 0.18 1.8 1.2 1.27 nan nan nan nan
294.9805416 44.4252384 "Kepler-1942 b" Kepler-1942 0.0 0.0516 4.62604999 0.85 0.0161 0.189 2.97 1012.0 0.8 5834.0 14.6596
353.0331863 -21.8012007 "HD 221416 b" "HD 221416" 0.115 0.1228 14.2767 1.21 0.19 0.836 0.431 789.146837277 2.94 5080.0 7.90776
287.3920392 46.0592578 "Kepler-294 c" Kepler-294 0.0 0.071 6.6264 0.95 0.0245 0.242 2.15 895.0 0.98 5913.0 15.8186
296.2860853 48.2246328 "Kepler-228 d" Kepler-228 0.0 0.101 11.094286 0.95 0.0483 0.36 1.28 835.0 1.01 6043.0 15.7042
296.5662171 44.1058077 "Kepler-251 c" Kepler-251 0.0 0.122 16.514043 0.95 0.0255 0.247 2.09 655.0 0.89 5526.0 15.216
294.082697 39.5560655 "Kepler-1623 b" Kepler-1623 0.0 0.0518 4.36128348 1.0 0.00714 0.117 5.55 1000.0 1.0 5772.0 14.9243
296.1512831 50.0957806 "Kepler-181 b" Kepler-181 0.0 0.04 3.137873 0.85 0.00678 0.113 5.77 1041.0 0.75 5333.0 14.7137
290.2376224 41.3313637 "Kepler-336 c" Kepler-336 0.0 0.092 9.600001 1.09 0.0159 0.187 3.0 967.0 1.3 5867.0 13.5839
166.8643532 -19.2916857 "HIP 54373 c" "HIP 54373" 0.2 0.099 15.144 0.57 0.03914 0.318 1.5 nan 0.56 4021.0 9.64076
183.7938491 -3.4956913 "K2-161 b" K2-161 nan nan 9.283188 0.99 0.0978 0.546 0.747 nan 2.57 4972.0 12.3574
290.2651662 40.5484937 "Kepler-1809 b" Kepler-1809 0.0 0.0435 3.7572999 0.81 0.00912 0.135 4.6 877.0 0.72 4901.0 14.1375
294.5703593 50.6730147 "Kepler-595 b" Kepler-595 0.0 0.1582 25.3029092 0.93 0.05475 0.331 1.88 535.0 0.82 5138.5 14.7628
293.1234493 40.9348005 "Kepler-598 c" Kepler-598 0.0 0.3576 86.4945 0.9 0.0296 0.27 1.87 367.0 0.9 5245.0 14.7207
291.0571451 44.632306 "Kepler-607 b" Kepler-607 0.0 0.0135 0.6381632 0.84 0.00186 0.078 4.92 1874.0 0.8 5196.0 14.3746
294.989137 46.8383058 "Kepler-616 b" Kepler-616 0.0 0.0927 9.99761851 0.98 0.0204 0.217 2.48 860.0 0.97 5753.0 14.9475
294.989137 46.8383058 "Kepler-616 c" Kepler-616 0.0 0.4024 90.4113556 0.98 0.0363 0.304 1.59 413.0 0.97 5753.0 14.9475
295.9091695 51.3478777 "Kepler-1856 b" Kepler-1856 0.0 0.0215 1.30200005 0.78 0.0115 0.155 3.85 1344.0 0.82 4948.0 15.3875
301.5785316 44.3121639 "Kepler-1705 c" Kepler-1705 0.028 nan 11.28 1.14 0.01705 0.183 3.528714 nan 1.26 6312.0 15.4974
137.9944736 -19.7474341 "HD 79181 b" "HD 79181" 0.259 0.9 273.1 1.28 0.64 1.26 0.399 nan 11.06 4862.0 5.45292
264.2873565 72.455859 "HD 161178 b" "HD 161178" 0.044 0.85 279.3 1.06 0.57 1.26 0.355 nan 10.95 4786.0 5.59958
287.2621474 42.0322257 KOI-4777.01 KOI-4777 0.0 0.008 0.412 0.41 0.31212 0.045 nan 1180.0 0.4 3515.0 15.8525
265.548708 -26.1378889 "OGLE-2018-BLG-1428L b" OGLE-2018-BLG-1428L nan 3.3 nan 0.43 0.77 1.25 0.481 nan nan nan nan
296.7727406 50.1883667 "Kepler-1875 b" Kepler-1875 0.0 0.2039 34.45859909 0.95 0.033 0.288 1.72 559.0 0.86 6161.0 15.0014
294.3508497 50.0809627 "Kepler-1860 b" Kepler-1860 0.0 0.1021 12.73719978 0.87 0.00487 0.102 5.77 697.0 0.87 5420.0 13.4381
299.8517779 43.7320611 "Kepler-1832 b" Kepler-1832 0.0 0.037 3.13878989 0.68 0.00637 0.109 6.01 1022.0 0.72 5242.0 14.3752
286.2246453 44.6544869 "Kepler-1866 b" Kepler-1866 0.0 0.1016 11.66009998 1.03 0.0157 0.186 3.04 834.0 1.08 5791.0 14.366
271.2050417 -32.6330278 "OGLE-2015-BLG-1649L b" OGLE-2015-BLG-1649L nan 2.07 nan 0.34 2.54 1.18 1.93 nan nan nan nan
287.0570731 49.0460112 "Kepler-846 b" Kepler-846 0.0 0.1399 19.80792185 0.94 0.0211 0.221 2.42 624.0 0.91 5579.0 15.6041
297.4303826 39.8478795 "Kepler-1669 d" Kepler-1669 0.0 0.0468 4.72941177 0.61 0.00624 0.143 5.99 669.0 0.6 4224.0 15.9088
296.5600307 46.8574644 "Kepler-1819 b" Kepler-1819 0.0 0.1337 16.48690033 1.17 0.0456 0.348 1.34 760.0 1.07 6090.0 15.3187
285.1828685 43.8310283 "Kepler-381 c" Kepler-381 0.0 0.117 13.391635 1.2 0.00459 0.1 5.71 1180.0 1.57 6152.0 10.5459
294.5703593 50.6730147 "Kepler-595 c" Kepler-595 0.0 0.0983 12.38602 0.93 0.01038 0.09 17.7 679.0 0.82 5138.5 14.7628
293.9297337 41.6029048 "Kepler-1715 b" Kepler-1715 0.0 0.2178 35.59730148 1.08 0.0504 0.369 1.24 646.0 1.21 6212.0 12.3012
296.9985853 42.7819633 "Kepler-123 c" Kepler-123 0.0 0.181 26.695074 1.01 0.00879 0.132 4.73 706.0 1.26 6089.0 14.0212
291.2562253 49.2589288 "Kepler-372 c" Kepler-372 0.0 0.154 20.053763 1.2 0.0158 0.186 3.02 755.0 1.14 6509.0 14.8342
288.3701976 43.3546109 "Kepler-402 c" Kepler-402 0.0 0.068 6.124821 1.15 0.00961 0.139 4.41 1140.0 1.26 6090.0 13.1917
286.3985796 45.3435241 "Kepler-404 c" Kepler-404 0.0 0.118 14.751166 0.93 0.0113 0.153 3.9 678.0 0.88 5654.0 15.1906
291.0206823 42.4624633 "Kepler-1744 b" Kepler-1744 0.0 0.2093 37.10110092 0.89 0.0429 0.336 1.4 532.0 0.85 5986.0 15.2558
286.5400278 49.4372614 "Kepler-296 e" Kepler-296 0.33 0.169 34.14211 0.5 0.0093 0.136 4.1 337.0 0.48 3740.0 15.9015
288.839278 46.9867472 "Kepler-310 b" Kepler-310 0.0 0.111 13.930698 0.91 0.0057 0.106 5.9 665.0 0.88 5797.0 14.265
289.3520595 46.9736345 "Kepler-1022 b" Kepler-1022 0.0 0.0805 10.99469878 0.71 0.0194 0.211 2.58 512.0 0.68 4445.0 15.3772
183.4686492 -3.8318097 "K2-244 b" K2-244 nan 0.1418 21.06884 0.86 0.0117 0.156 3.8 638.0 0.92 5677.0 11.6317
285.29193 41.2557275 "Kepler-1849 b" Kepler-1849 0.0 0.2597 57.29290009 0.71 0.0198 0.213 2.54 355.0 0.73 4806.0 15.7002
287.1428295 43.6161177 "Kepler-1850 b" Kepler-1850 0.0 0.0206 1.3858 0.61 0.00098 0.065 4.44 1008.0 0.6 4239.0 14.0882
291.6594558 50.5838585 "Kepler-2001 b" Kepler-2001 0.0 0.0197 1.090011 0.86 0.00352 0.106 5.47 1402.0 0.77 5081.0 15.7733
291.6594558 50.5838585 "Kepler-2001 c" Kepler-2001 0.0 0.1084 14.09258319 0.86 0.0125 0.364 3.62 597.0 0.77 5081.0 15.7733
293.9335076 40.590704 "Kepler-1870 b" Kepler-1870 0.0 0.0453 3.60694003 0.96 0.0159 0.187 3.0 1046.0 0.84 5508.0 13.4199
292.4275044 38.4728824 "Kepler-1871 b" Kepler-1871 0.0 0.0308 1.95270002 1.02 0.0203 0.216 2.49 1403.0 0.95 5741.0 14.544
334.6227504 -9.6120084 "K2-72 e" K2-72 0.11 0.106 24.158868 0.27 0.00696 0.115 5.66 nan 0.33 3360.47 14.2789
338.94255 -14.027727 "K2-59 b" K2-59 nan 0.1354 20.6921 0.77 0.0201 0.215 2.51 nan 0.73 5055.0 13.9395
287.9680995 46.4705959 "Kepler-1953 b" Kepler-1953 0.0 0.0607 6.24565983 0.79 0.00692 0.115 5.69 731.0 0.71 4858.0 15.4666
282.3355387 42.8453417 "Kepler-1946 b" Kepler-1946 0.0 0.0394 3.03519011 0.89 0.0212 0.222 2.41 1143.0 0.87 5505.0 15.5613
292.5147146 38.0219872 "Kepler-1965 b" Kepler-1965 0.0 0.2301 41.86869812 0.93 0.00756 0.121 5.31 492.0 0.84 5852.0 13.6415
299.1376276 43.4984724 "Kepler-1967 b" Kepler-1967 0.0 0.0735 7.28169012 1.0 0.00099 0.065 4.45 1086.0 1.81 4970.0 13.3752
293.0705754 48.387679 "Kepler-1916 b" Kepler-1916 0.0 0.2053 31.25429916 1.18 0.0231 0.234 2.25 635.0 1.09 6246.0 15.8019
295.2173259 40.5921599 "Kepler-633 b" Kepler-633 0.0 0.0815 8.50340718 1.02 0.0104 0.145 4.17 1021.0 1.15 5899.0 nan
85.0800537 11.5626373 "TOI-532 b" TOI-532 0.0 0.0296 2.3266508 0.64 0.1935 0.519 1.72 867.0 0.61 3927.0 13.6645
19.3047733 9.5012663 "K2-151 b" K2-151 nan 0.0373 3.835476 0.47 0.00889 0.133 4.7 566.0 0.45 3695.0 13.3119
299.081007 42.0180957 "Kepler-1892 b" Kepler-1892 0.0 0.0633 6.33123016 0.85 0.0127 0.164 3.57 822.0 0.76 5383.0 15.4008
12.4161652 6.4071412 "HD 4760 b" "HD 4760" 0.23 1.14 434.0 1.05 13.9 1.1 13.0 nan 42.4 4076.0 6.98504
124.5935429 61.4608518 "HD 68988 c" "HD 68988" 0.45 13.2 16000.0 1.17 15.0 1.09 14.1 nan 1.26 5883.41 8.04611
56.2563447 -70.0245193 "HD 24085 b" "HD 24085" 0.22 0.034 2.0455 1.22 0.03713 0.309 1.57 nan 1.41 6034.0 7.42496
175.5252399 -23.3548451 "HATS-1 b" HATS-1 0.12 0.0444 3.446459 0.99 1.855 1.302 1.03 1359.0 1.04 5870.0 11.9363
294.1156858 38.3934378 "Kepler-768 b" Kepler-768 0.0 0.092 11.3910025 0.82 0.0121 0.16 3.7 618.0 0.78 5108.0 15.7232
283.1920779 41.3054172 "Kepler-363 b" Kepler-363 0.0 0.048 3.614568 1.1 0.00521 0.103 5.81 1347.0 1.49 5593.0 13.316
297.7950939 40.4176403 "Kepler-307 c" Kepler-307 0.0 0.1068 13.0729 0.91 0.01145 0.196 1.74 739.0 0.81 5367.0 14.0561
286.6627811 47.4136938 "Kepler-332 c" Kepler-332 0.0 0.114 15.995622 0.8 0.00416 0.097 5.6 550.0 0.72 4955.0 14.0025
292.6780488 46.7266813 "Kepler-342 d" Kepler-342 0.0 0.242 39.459357 1.26 0.0213 0.222 2.41 658.0 1.47 6175.0 13.0992
281.5699998 47.3986233 "Kepler-364 b" Kepler-364 0.0 0.178 25.745718 1.19 0.00951 0.138 4.46 753.0 1.28 6108.0 13.6134
162.7766969 25.641065 "HD 93963 A b" "HD 93963 A" nan 0.02085 1.0391353 1.11 0.02454 0.12 17.4 2042.0 1.04 5987.0 9.03376
162.7766969 25.641065 "HD 93963 A c" "HD 93963 A" nan 0.04813 3.6451398 1.11 0.06041 0.288 3.14 1344.0 1.04 5987.0 9.03376
185.306183 -10.2820915 "K2-223 b" K2-223 nan 0.0127 0.50557 1.06 0.00201 0.079 4.99 2271.0 1.0 5859.0 11.2736
296.9811361 43.2097025 "Kepler-112 c" Kepler-112 0.0 0.172 28.574263 0.78 0.02 0.214 2.52 538.0 0.84 5544.0 13.7662
290.216689 44.7795863 "Kepler-1913 b" Kepler-1913 0.0 0.1209 14.1960001 1.17 0.00918 0.135 4.58 818.0 1.08 6214.0 14.658
291.4314024 38.6543635 "Kepler-1914 b" Kepler-1914 0.0 0.1954 30.82789993 1.05 0.0282 0.263 1.93 585.0 0.96 5982.0 15.6826
294.1038932 45.0013533 "Kepler-1917 b" Kepler-1917 0.0 0.103 12.90240002 0.88 0.0133 0.169 3.44 675.0 0.79 5530.0 15.4691
292.2367608 41.085871 "Kepler-27 c" Kepler-27 0.0 0.191 31.3309 0.65 13.8 0.437 nan 481.0 0.59 5400.0 15.8164
289.042243 42.8824991 "Kepler-1035 b" Kepler-1035 0.0 0.0386 2.71407755 0.98 0.00537 0.104 5.87 1301.0 0.97 5763.0 13.0054
291.9342748 48.141676 "Kepler-227 c" Kepler-227 0.0 0.29 54.418694 0.92 0.0298 0.271 1.85 443.0 1.09 5854.0 15.3234
294.6208506 49.894219 "Kepler-1956 b" Kepler-1956 0.0 0.0563 5.94371986 0.67 0.00416 0.097 5.61 674.0 0.68 4391.0 15.5722
294.3385109 50.3365178 "Kepler-385 c" Kepler-385 0.0 0.127 15.163161 1.12 0.042 0.271 2.58 829.0 1.13 6326.0 15.192
286.4714473 49.6490933 "Kepler-324 b" Kepler-324 0.0 0.05 4.385315 0.87 0.00489 0.102 5.75 935.0 0.84 5194.0 14.0909
299.8966237 46.0519022 "Kepler-352 c" Kepler-352 0.0 0.118 16.332995 0.83 0.00651 0.111 5.97 591.0 0.78 5212.0 12.9561
299.8966237 46.0519022 "Kepler-352 d" Kepler-352 0.0 0.0657 6.88727999 0.8 0.00141 0.072 4.71 788.0 0.77 5208.0 12.9561
287.8971066 40.6378141 "Kepler-238 d" Kepler-238 0.0 0.115 13.233549 1.06 0.0303 0.274 1.83 888.0 1.43 5751.0 15.0243
287.8971066 40.6378141 "Kepler-238 b" Kepler-238 0.0 0.034 2.090876 1.06 0.0115 0.154 3.86 1642.0 1.43 5751.0 15.0243
