confirmed_exoplanets_table_orbital_params.ecsv
# %ECSV 1.0
# ---
# datatype:
# - {name: ra, unit: deg, datatype: float64}
# - {name: dec, unit: deg, datatype: float64}
# - {name: pl_orbsmax, unit: AU, datatype: float64}
# - {name: pl_orbeccen, datatype: float64}
# - {name: pl_rvamp, unit: m / s, datatype: float64}
# - {name: pl_orbper, unit: d, datatype: float64}
# - {name: st_mass, unit: Msun, datatype: float64}
# - {name: pl_orbincl, unit: deg, datatype: float64}
# - {name: pl_orblper, unit: deg, datatype: float64}
# - {name: pl_orbtper, unit: d, datatype: float64}
# meta: !!omap
# - __serialized_columns__:
#     dec:
#       __class__: astropy.units.quantity.Quantity
#       unit: &id001 !astropy.units.Unit {unit: deg}
#       value: !astropy.table.SerializedColumn
#         __class__: astropy.utils.masked.core.MaskedNDArray
#         data: !astropy.table.SerializedColumn {name: dec}
#     pl_orbincl:
#       __class__: astropy.units.quantity.Quantity
#       unit: *id001
#       value: !astropy.table.SerializedColumn
#         __class__: astropy.utils.masked.core.MaskedNDArray
#         data: !astropy.table.SerializedColumn {name: pl_orbincl}
#     pl_orblper:
#       __class__: astropy.units.quantity.Quantity
#       unit: *id001
#       value: !astropy.table.SerializedColumn
#         __class__: astropy.utils.masked.core.MaskedNDArray
#         data: !astropy.table.SerializedColumn {name: pl_orblper}
#     pl_orbper:
#       __class__: astropy.units.quantity.Quantity
#       unit: &id002 !astropy.units.Unit {unit: d}
#       value: !astropy.table.SerializedColumn
#         __class__: astropy.utils.masked.core.MaskedNDArray
#         data: !astropy.table.SerializedColumn {name: pl_orbper}
#     pl_orbsmax:
#       __class__: astropy.units.quantity.Quantity
#       unit: !astropy.units.Unit {unit: AU}
#       value: !astropy.table.SerializedColumn
#         __class__: astropy.utils.masked.core.MaskedNDArray
#         data: !astropy.table.SerializedColumn {name: pl_orbsmax}
#     pl_orbtper:
#       __class__: astropy.units.quantity.Quantity
#       unit: *id002
#       value: !astropy.table.SerializedColumn
#         __class__: astropy.utils.masked.core.MaskedNDArray
#         data: !astropy.table.SerializedColumn {name: pl_orbtper}
#     pl_rvamp:
#       __class__: astropy.units.quantity.Quantity
#       unit: !astropy.units.Unit {unit: m / s}
#       value: !astropy.table.SerializedColumn
#         __class__: astropy.utils.masked.core.MaskedNDArray
#         data: !astropy.table.SerializedColumn {name: pl_rvamp}
#     ra:
#       __class__: astropy.units.quantity.Quantity
#       unit: *id001
#       value: !astropy.table.SerializedColumn
#         __class__: astropy.utils.masked.core.MaskedNDArray
#         data: !astropy.table.SerializedColumn {name: ra}
#     st_mass:
#       __class__: astropy.units.quantity.Quantity
#       unit: !astropy.units.Unit {unit: Msun}
#       value: !astropy.table.SerializedColumn
#         __class__: astropy.utils.masked.core.MaskedNDArray
#         data: !astropy.table.SerializedColumn {name: st_mass}
# schema: astropy-2.0
ra dec pl_orbsmax pl_orbeccen pl_rvamp pl_orbper st_mass pl_orbincl pl_orblper pl_orbtper
[from data line 3310]
286.7527322 49.0648788 0.039 0.0 nan 3.410493 0.84 70.06 nan nan
286.7527322 49.0648788 0.17 0.0 nan 30.950851 0.84 86.47 nan nan
292.1996573 42.0459944 0.0545 0.0 nan 4.77468005 1.0 89.82 nan nan
296.2935173 43.4032189 0.0471 0.0 nan 3.3004192 1.47 89.92 nan nan
295.3496546 45.1145372 0.0197 0.0 nan 0.96897238 1.01 89.25 nan nan
287.838419 43.1531776 0.2383 0.0 nan 40.9903986 1.06 89.94 nan nan
295.5384415 51.2030002 0.0894 0.0 nan 8.05333618 1.47 89.82 nan nan
291.1732806 44.9210836 0.0546 0.0 nan 4.45343281 1.21 85.8 nan nan
291.8649164 49.325869 0.0951 0.0 nan 10.9295461 0.93 89.2 nan nan
280.2495197 43.9150665 0.0948 0.0 nan 10.60052251 1.13 86.66 nan nan
289.4240357 46.7260823 0.0141 0.0 nan 0.68996783 0.81 88.5 nan nan
283.3360156 47.1744499 0.126 0.0 nan 20.9568158 0.63 89.86 nan nan
294.9510368 43.0124348 0.1038 0.0 nan 14.4541302 0.97 87.74 nan nan
289.0330532 40.0869182 0.1655 0.0 nan 22.2419092 1.29 85.08 nan nan
298.866621 46.5022325 0.0299 0.0 nan 1.93155984 0.98 80.37 nan nan
294.1891824 45.1515263 0.0473 0.0 nan 3.73089898 1.02 81.98 nan nan
283.1618831 45.198336 0.1899 0.0 nan 33.4177993 0.81 88.08 nan nan
281.5614578 42.4504087 0.1602 0.0 nan 23.12748644 1.08 88.31 nan nan
288.9612535 42.2650472 0.0835 0.039 nan 8.9187 1.04 87.32 14.61 nan
49.178124 15.6563542 0.018 0.0 5.07 0.926118 0.9 76.01 nan nan
133.7819507 1.5420011 0.657 nan 2.95 241.8 0.65 nan nan nan
189.8392243 20.0273377 0.0793 nan 2.03 9.113678 0.8 89.061 nan nan
100.8331246 -66.9476563 nan 0.08 53.4 6.90683 1.53 nan 54.0 nan
56.3906096 37.1122803 0.01545 0.0 8.25 0.9893455 0.45 86.98 90.0 nan
194.008964 -12.956031 350.0 0.68 nan 5800000.0 0.07 24.0 180.0 2173967.5
297.8423073 46.5743595 0.033 0.0 nan 2.896 0.58 89.65 nan nan
290.4209694 37.8516556 0.176574 0.21 3.715 28.731 0.94 nan 23.8 nan
205.661989 78.0646376 4.21 0.483 40.5 2142.0 2.16 38.0 103.9 2457083.0
34.293348 23.7676546 5.15 0.65 100.17 2744.0 2.4 39.0 105.9 2455797.0
176.2499418 -35.640563 0.0757 0.0 21.3 7.532806 1.02 88.9 nan nan
172.3353708 -1.4551364 0.2014 0.091 1.91 44.55603 0.55 89.82 0.0 nan
284.0323723 39.7815365 0.111 0.0 nan 16.709184 0.66 88.2 nan nan
283.8664285 39.8981928 0.065 0.0 nan 8.295611 0.6 87.95 nan nan
295.3044942 42.4753193 0.24861 0.25 nan 59.87756 0.64 89.8 nan nan
295.8465148 49.9361586 0.2408 0.0 nan 40.0306015 1.16 89.7 nan nan
292.3374945 47.6641732 0.0494 0.0 nan 3.78470649 1.17 89.88 nan nan
294.8661073 48.6389923 0.0392 0.0 nan 2.78815679 1.13 89.47 nan nan
287.3694056 46.7681473 0.045 0.0 nan 3.25427 1.15 87.84 nan nan
286.6041816 42.4403309 0.0815 0.0 nan 9.08237046 0.85 89.56 nan nan
285.5577888 44.0108221 0.1614 0.0 nan 29.9633247 0.7 89.04 nan nan
294.4872785 42.0069064 0.1694 0.0 nan 25.15864 0.96 89.95 nan nan
288.4335977 40.3808519 0.0163 0.0 nan 0.86838653 0.8 88.78 nan nan
291.6756005 48.7625419 0.0615 0.0 nan 6.07029009 0.86 89.17 nan nan
289.6785786 40.2496475 0.2529 0.0 nan 44.87020111 1.07 89.67 nan nan
294.2901043 39.126871 0.1546 0.0 nan 24.22030067 0.86 89.97 nan nan
298.0834457 40.3462551 0.2846 0.0 nan 52.60969925 1.11 89.88 nan nan
353.0620655 -37.2558629 0.05741 0.0 120.0 4.93777 1.04 87.52 nan nan
293.5663715 42.1325825 0.0426 0.0 nan 3.42064689 0.88 82.03 nan nan
292.9582727 42.8548909 0.1307 0.0 nan 19.5489666 0.78 89.05 nan nan
54.819538 -42.7630276 0.05727 0.126 5.05 4.040295 1.1 88.3 -40.0 nan
288.6689428 39.8239935 0.0756 0.0 nan 10.13202575 0.75 89.93 nan nan
290.6011085 44.5563604 0.054 0.0 nan 4.30655689 1.22 77.07 nan nan
339.6748444 -13.5600447 0.0392 nan nan 2.57302 1.21 85.996 nan nan
333.4267738 -12.0663429 0.189 nan nan 25.4556 1.4 nan nan nan
333.2125206 -10.9261373 0.1014 nan nan 12.6475 0.87 89.148 nan nan
295.502673 43.2326992 0.0358 0.0 nan 2.54307286 0.99 88.18 nan nan
292.0847866 49.2374206 0.0546 0.0 nan 4.79028459 0.95 87.83 nan nan
290.4867838 44.932541 0.0331 0.0 nan 2.29503623 0.98 89.14 nan nan
140.3390845 14.3678691 1.961 0.853 194.0 921.2 1.18 nan 41.6 nan
293.0579794 45.2487472 0.0615 0.0 nan 6.1799844 0.86 89.56 nan nan
289.4066969 39.338813 0.2415 0.0 nan 42.3004954 1.12 89.79 nan nan
291.9336573 44.1154992 0.233 0.0 nan 41.6977827 0.95 89.98 nan nan
295.6514492 49.2612954 0.0459 0.0 nan 3.53232449 1.03 88.19 nan nan
338.844896 -7.469895 0.1429 nan nan 18.311 1.16 88.796 nan nan
294.2809679 42.2909295 0.0666 0.0 nan 6.2171292 1.01 88.14 nan nan
295.5864604 49.6668523 0.0385 0.0 nan 2.76266003 1.0 87.48 nan nan
313.691232 -72.8046404 0.03319 0.0 136.0 2.1225735 1.08 79.96 nan nan
77.612879 70.391079 0.05222 0.0 156.0 3.8016122 1.31 85.7 nan nan
324.3894196 -77.9791468 0.0814 nan nan 10.688716 0.63 89.63 nan nan
324.3894196 -77.9791468 0.05251 nan nan 5.5382498 0.63 89.13 nan nan
189.7758591 -74.5740205 nan 0.18 nan 9.188526 1.08 88.13 nan nan
169.7935178 -0.2844389 0.0856 nan nan 10.35239 0.78 86.42 nan nan
289.2687388 42.6041819 0.067 0.0 nan 6.766589 0.92 88.51 nan nan
171.8450533 -44.0887035 0.0504 0.0 126.0 3.8186244 1.17 88.3 nan nan
283.2745823 -50.1808952 27.0 0.52 nan 44000.0 1.36 91.73 50.0 2450500.0
233.6247336 -23.2594663 0.0582 nan nan 5.26 0.41 89.31 nan nan
292.1669417 53.4873694 0.5516 0.212 47.8 141.834025 1.11 89.903 98.8 2458572.7
240.0333095 -23.1894196 0.0959 0.086 2.11 10.56103 1.05 87.68 153.0 nan
16.4625203 11.7537171 0.1206 0.16 2.29 15.38857 0.99 89.12 nan nan
294.6646789 39.7838461 0.015 0.0 nan 0.76669152 0.77 84.94 nan nan
285.0360506 45.0709909 0.1528 0.0 nan 22.79020351 0.91 89.94 nan nan
283.2091605 48.7776156 0.523 0.0 nan 150.0189511 0.85 89.4 nan nan
268.355875 -31.7247194 3.23 nan nan nan 0.69 nan nan nan
269.755625 -29.1683611 1.21 nan nan nan 0.28 nan nan nan
298.6738034 43.7955099 0.1038 0.0 nan 11.49500229 1.13 79.67 nan nan
269.154875 -30.3114167 3.04 nan nan nan 0.81 nan nan nan
292.5034196 43.0832188 0.07 0.0 nan 7.972513 0.77 85.73 nan nan
142.1734459 -12.1671652 0.04825 0.22 nan 5.0988179 0.58 87.47 -84.0 2458516.5
76.6496172 -20.2456126 0.04866 0.34 370.0 4.32421 0.82 89.966 -16.0 nan
299.9656619 44.1608805 0.2079 0.0 nan 38.6715075 0.96 88.77 nan nan
284.287147 42.3555784 0.0751 0.0 nan 7.56127224 1.01 89.27 nan nan
284.6753857 44.4177225 0.0529 0.0 nan 4.52158888 1.0 88.82 nan nan
294.4783627 46.9458638 0.123 0.0 nan 16.29595382 0.98 89.79 nan nan
285.1733174 48.7700099 0.0575 0.0 nan 5.72717226 0.78 88.57 nan nan
283.3684093 41.821839 0.04 0.0 nan 2.940309 1.0 80.64 nan nan
294.6466171 41.8840952 0.074 0.0 nan 8.005777 0.79 89.74 nan nan
287.4389454 43.8320052 0.677 0.0 nan 247.35373 0.6 89.99 nan nan
287.1010275 46.8964033 0.085 0.0 nan 9.576694 0.94 89.89 nan nan
287.1010275 46.8964033 0.142 0.0 nan 20.552802 0.94 89.47 nan nan
169.8248694 44.9890782 nan nan nan 3.771116 0.73 88.94 nan nan
297.0702037 40.868734 0.218 0.0 nan 43.595792 0.63 89.99 nan nan
290.1465356 39.6658026 0.4679 0.0 nan 114.34219 1.18 89.44 nan nan
297.3288329 47.815459 0.0994 0.0 nan 10.8118737 1.31 86.49 nan nan
291.9518784 43.0746172 0.141 0.0 nan 20.303005 0.97 87.96 nan nan
293.5308112 39.3159329 0.103 0.0 nan 11.637071 0.94 89.86 nan nan
291.1833211 45.3230937 0.087 0.0 nan 9.939632 0.81 84.14 nan nan
291.971429 47.8640498 0.032 0.0 nan 2.092281 1.09 87.62 nan nan
291.971429 47.8640498 0.275 0.0 nan 52.814973 1.09 90.0 nan nan
295.4128785 46.2665801 0.046 0.0 nan 3.619337 1.02 89.27 nan nan
295.4128785 46.2665801 0.248 0.0 nan 44.699576 1.02 89.46 nan nan
288.7389481 46.7625929 0.057 0.0 nan 4.585512 1.17 82.38 nan nan
290.6731326 38.6910045 0.0229 0.0 nan 1.31184443 0.97 88.78 nan nan
13.0800239 10.7947051 0.01326 0.0 6.5 0.571292 0.95 86.4 nan nan
282.2368006 48.1542016 0.0596 0.0 nan 6.10960324 1.02 89.24 nan nan
286.5436691 45.3048716 0.0761 0.0 nan 6.76284377 1.21 85.5 nan nan
298.3183909 47.2794824 0.0756 0.078 nan 7.38449 1.12 90.0 nan nan
298.3183909 47.2794824 0.0916 0.15 nan 9.84564 1.12 90.0 nan nan
233.6247336 -23.2594663 0.0147 nan nan 1.133 0.41 87.02 nan nan
156.6226981 4.7640203 0.0594 nan nan 8.205 0.63 88.15 nan nan
292.5798564 37.3762616 0.0327 0.0 nan 3.29030452 0.5 89.68 nan nan
298.3952437 47.8149865 0.02591 0.011 419.5 1.4857108 1.04 87.2 nan nan
292.8401421 26.6172796 1.92 0.0 7.94 836.4 1.35 nan 0.0 2454716.8
300.4310076 44.7510129 0.0531 0.0 nan 5.342657 0.85 89.93 nan nan
293.9476365 48.0652589 0.0678 0.0 nan 6.8430344 0.88 71.62 nan nan
286.7485252 45.1587234 0.1456 0.0 nan 24.278553 0.76 88.62 nan nan
297.4795142 48.418582 0.1285 0.0 nan 16.1779561 1.02 89.81 nan nan
248.8075 -35.7247583 23.04 nan nan 104100.0 0.14 nan nan nan
186.4860415 -1.4047214 0.1237 0.23 2.76 16.141132 0.97 88.08 nan nan
207.3497402 -12.2849182 0.10207 0.13 5.25 13.86375 0.74 89.35 90.0 nan
282.9734874 41.3217991 0.113 0.0 nan 16.282493 0.68 89.46 nan nan
292.044628 37.3761861 0.249 0.0 nan 40.806231 1.46 89.96 nan nan
293.1600977 48.8812074 0.0246 0.0 nan 1.55400393 0.88 89.87 nan nan
290.8241931 44.6472832 0.036 0.0 nan 2.46236 1.07 89.72 nan nan
290.1072124 38.7022694 0.294 0.51 nan 51.078775 1.08 89.07 nan nan
291.3905325 42.1804735 0.032 0.0 nan 2.139542 0.96 87.19 nan nan
292.044628 37.3761861 0.566 0.0 nan 140.101261 1.46 89.98 nan nan
293.9733913 50.531846 0.074 0.0 nan 10.065275 0.58 89.22 nan nan
296.3665054 51.3194548 0.287 0.0 nan 60.418955 0.85 89.94 nan nan
298.3183909 47.2794824 0.1455 0.051 nan 19.72567 1.12 88.0 nan nan
294.7101832 39.8250437 0.056 0.0 nan 4.425391 1.11 88.95 nan nan
296.3665054 51.3194548 0.077 0.0 nan 8.472382 0.85 89.95 nan nan
286.0790779 39.278237 0.122 0.0 nan 20.060548 0.58 89.576 nan nan
296.7719082 41.7555958 0.05 0.0 nan 4.166972 0.91 89.89 nan nan
282.4681674 43.8899464 0.139 0.0 nan 20.729042 0.81 89.34 nan nan
282.1856949 44.4344617 2.026 0.26 2.7 1047.8356 1.01 89.982 81.0 nan
294.6466171 41.8840952 0.048 0.0 nan 4.263742 0.79 88.44 nan nan
291.971429 47.8640498 0.131 0.0 nan 17.308032 1.09 90.0 nan nan
285.1670927 41.9669383 0.633 0.057 nan 175.06 0.84 89.46 67.1 nan
346.4668274 -35.8530693 0.12 nan 2.8 21.789 0.49 nan nan nan
287.8971066 40.6378141 0.1658 0.0 nan 23.654 1.06 89.98 nan nan
289.553232 43.876116 0.105 0.0 nan 11.903515 1.12 88.78 nan nan
289.553232 43.876116 0.213 0.0 nan 34.035257 1.12 89.23 nan nan
296.3586251 39.1152033 0.0927 0.04 nan 10.2184954 0.95 88.76 nan nan
294.6679021 43.8532104 0.058 0.0 nan 5.433074 0.79 86.69 nan nan
287.9060885 46.9377479 0.18 0.0 nan 28.081912 0.88 89.46 nan nan
295.2288521 45.9710432 0.066 0.0 nan 7.415563 0.61 89.05 nan nan
286.7380152 49.9757383 0.0637 0.0 nan 7.8773565 0.54 89.92 nan nan
294.7739245 43.0561976 0.0619 0.022 nan 8.0109434 0.51 89.59 nan nan
280.3266806 70.2900536 0.0171 0.0 7.74 0.84742346 0.91 79.5 90.0 nan
7.3020115 -30.4541159 0.0783 nan 1.62 9.961881 0.65 88.71 nan nan
290.4132621 38.3437283 0.076 0.023 nan 8.14 1.06 77.26 nan nan
217.6832961 -31.7324526 0.049 0.0 36.7 4.5199279 0.96 86.43 nan nan
292.9131121 41.0609786 0.094 0.0 nan 12.718092 0.67 89.17 nan nan
295.5712566 49.774514 0.109 0.0 nan 13.817124 0.95 83.04 nan nan
289.8301128 50.5862025 0.096 0.0 nan 9.825792 1.16 83.03 nan nan
296.5662171 44.1058077 0.053 0.0 nan 4.790936 0.95 89.55 nan nan
287.5646296 44.3050662 0.088 0.0 nan 10.399931 0.79 87.28 nan nan
287.9179379 45.5928829 0.15 0.0 nan 21.2234 0.94 87.86 nan nan
287.9179379 45.5928829 0.0668 0.0 nan 6.47027579 0.94 85.94 nan nan
296.4985951 46.5772484 0.286 0.0 nan 50.697494 1.14 89.88 nan nan
289.3765441 41.1580845 0.0316 0.0 nan 4.83817712 0.28 89.98 nan nan
286.3869335 47.0165188 0.085 0.0 nan 9.32807355 0.94 89.86 nan nan
288.1639687 42.4810124 0.0427 0.0 nan 2.94654179 1.25 89.92 nan nan
288.5151733 44.9232545 0.3875 0.0 nan 186.404271 1.2 88.51 nan nan
294.043399 45.1398201 1.0525 0.0 nan 374.876239 0.92 89.84 nan nan
285.3490542 45.5561768 1.117 0.0 nan 469.63111 0.89 89.61 nan nan
293.626059 41.2728004 0.573 0.0 nan 151.884058 1.18 89.27 nan nan
282.9734874 41.3217991 0.045 0.0 nan 4.069427 0.68 89.62 nan nan
285.347162 41.761845 0.117 0.0 nan 14.400974 1.03 86.44 nan nan
290.0305195 42.1660555 0.029 0.0 nan 1.611865 1.04 73.17 nan nan
290.9274282 48.4434588 0.246 0.0 nan 44.851896 0.97 89.24 nan nan
297.4653351 42.8828517 0.33 nan nan 66.0634 1.08 89.73 nan nan
298.348382 47.4913021 0.0919 0.0 nan 10.33974 0.76 89.13 nan nan
292.1939846 47.4570808 0.056 0.0 nan 6.738975 0.59 89.87 nan nan
292.6903779 37.8350549 0.2317 0.0 nan 47.14840805 0.81 89.58 nan nan
286.613685 38.8919507 0.5329 0.0 nan 138.9442 1.08 89.89 nan nan
287.1349405 47.4886251 0.3912 0.0 nan 85.7565495 0.86 89.51 nan nan
287.9371747 46.4184781 0.181 0.0 nan 27.4785572 1.15 89.98 nan nan
271.915 -28.4852222 1.26 nan nan nan 0.26 nan nan nan
271.915 -28.4852222 0.12 nan nan nan 0.26 nan nan nan
286.8653826 41.9889571 0.356 0.0 nan 88.255055 0.83 89.37 nan nan
297.4144457 46.0608077 0.6276 0.0 nan 160.129918 1.21 89.24 nan nan
283.345611 45.2743573 0.6095 0.0 nan 175.138819 1.03 89.97 nan nan
280.2066276 43.7743281 0.0485 0.0 nan 3.87595807 1.01 89.89 nan nan
295.0027458 46.9873389 0.078 0.0 nan 7.810937 0.88 85.78 nan nan
295.579329 44.5459052 0.08 0.0 nan 10.848463 0.61 89.57 nan nan
285.703595 44.4221528 0.1611 0.0 nan 23.6225913 1.0 89.14 nan nan
297.2121215 43.643789 0.0678 0.0 nan 6.6513802 0.88 89.85 nan nan
284.5211975 41.6296562 0.08 0.0 nan 7.930592 1.09 87.79 nan nan
296.7719082 41.7555958 0.098 0.0 nan 11.463462 0.91 89.83 nan nan
298.8988313 47.4630696 0.5442 0.0 nan 163.692349 0.84 89.99 nan nan
291.6768669 38.8749152 0.6045 0.0 nan 184.771853 0.85 89.98 nan nan
293.8813592 46.8388172 0.049 0.0 nan 3.74032496 1.11 88.63 nan nan
286.8194349 46.9117837 0.0419 0.0 nan 3.50470358 0.83 88.66 nan nan
289.1826808 47.8733301 0.1499 0.0 nan 20.925392 1.09 89.51 nan nan
291.0972257 38.8756049 0.028 0.0 nan 1.732342 1.02 88.24 nan nan
110.7353308 67.2526565 0.0467 nan 107.1 3.6915224 1.0 85.21 nan nan
286.5246582 48.6835481 0.1694 0.0 nan 29.88485741 0.78 89.06 nan nan
270.3002083 -27.8358306 2.15 nan nan nan 0.48 nan nan nan
269.4067917 -28.7150611 2.31 nan nan nan 0.47 nan nan nan
285.1683291 44.0264898 0.048 0.0 nan 4.617534 0.63 86.99 nan nan
297.7001786 47.8637046 0.0747 0.0 nan 8.60010411 0.87 89.84 nan nan
290.5294799 38.9427306 0.0973 0.0 nan 11.72292176 1.0 89.97 nan nan
284.6579709 42.6526751 0.1759 0.0 nan 29.00790538 0.85 88.57 nan nan
295.4042546 42.9812789 0.1763 0.0 nan 25.30889748 1.16 87.81 nan nan
291.080133 43.8601911 0.0535 0.0 nan 4.28686431 1.15 81.72 nan nan
293.351701 48.4445922 0.069 0.0 nan 6.988055 0.93 89.92 nan nan
289.8615609 43.4727412 0.08 0.0 nan 8.01041 1.0 89.82 nan nan
209.3886452 43.49331 0.0384 0.0 35.8 3.2130598 0.73 89.0 354.3 2464187.027
211.0135378 -30.0141252 0.0359 nan nan 3.965991 0.39 88.64 nan nan
290.493913 52.055611 0.1333 0.0 nan 19.96371318 0.9 88.51 nan nan
291.5161959 42.2480736 0.162 0.0 nan 26.85328322 0.87 89.99 nan nan
294.1496529 38.458207 0.0641 0.0 nan 5.08005848 1.41 83.85 nan nan
293.2936129 42.1963497 0.178 0.0 nan 25.563222 1.14 88.02 nan nan
293.6755138 41.2952061 0.2897 0.0 nan 60.92832271 0.95 89.99 nan nan
295.6848595 47.7480914 0.1409 0.0 nan 19.78297415 1.01 89.97 nan nan
294.6129869 45.060174 0.1005 0.0 nan 11.55102504 1.05 88.79 nan nan
300.2066441 45.0182402 0.0899 0.17 nan 18.47764449 0.34 89.606 nan nan
295.2288521 45.9710432 0.077 0.0 nan 9.387427 0.61 86.89 nan nan
3.9579137 13.5576175 0.0668 0.5 2.78 12.761408 0.24 89.194 nan nan
178.577997 -37.5533568 0.0653 0.052 2.4 8.24662 0.54 89.41 45.0 nan
293.0571982 45.5511266 0.0331 0.0 nan 2.10472218 0.94 89.99 nan nan
285.7907395 48.6832431 0.0397 0.0 nan 2.82019241 1.04 84.91 nan nan
288.8117314 40.0332311 0.0649 0.0 nan 8.114379 0.53 88.61 nan nan
299.1362435 45.8699582 0.097 0.0 nan 12.162701 0.88 85.65 nan nan
289.8589165 48.6938077 0.155 0.0 nan 25.193458 0.82 88.78 nan nan
320.4784442 35.648625 0.095 0.013 2306.0 14.47567 0.54 88.3 246.0 nan
99.2915429 17.5662696 0.04749 0.038 1.92 5.70588 0.44 87.79 -25.0 nan
66.2363638 18.8273617 0.094 nan nan 9.726618 1.16 87.74 nan nan
273.459 -25.4857222 1.28 nan nan nan 0.09 nan nan nan
