confirmed_exoplanets_table.ecsv
# %ECSV 1.0
# ---
# datatype:
# - {name: ra, unit: deg, datatype: float64}
# - {name: dec, unit: deg, datatype: float64}
# - name: pl_name
#   datatype: string
#   description: Planet Name
#   meta: !!omap
#   - {_votable_string_dtype: char}
# - name: hostname
#   datatype: string
#   description: Host Name
#   meta: !!omap
#   - {_votable_string_dtype: char}
# - {name: pl_orbeccen, datatype: float64}
# - {name: pl_orbsmax, unit: AU, datatype: float64}
# - {name: pl_orbper, unit: d, datatype: float64}
# - {name: st_mass, unit: Msun, datatype: float64}
# - {name: pl_bmassj, unit: jupiterMass, datatype: float64}
# - {name: pl_radj, unit: jupiterRad, datatype: float64}
# - {name: pl_dens, unit: g / cm3, datatype: float64}
# - {name: pl_eqt, unit: K, datatype: float64}
# - {name: st_rad, unit: Rsun, datatype: float64}
# - {name: st_teff, unit: K, datatype: float64}
# - {name: sy_gaiamag, unit: mag, datatype: float64}
# meta: !!omap
# - __serialized_columns__:
#     dec:
#       __class__: astropy.units.quantity.Quantity
#       unit: &id001 !astropy.units.Unit {unit: deg}
#       value: !astropy.table.SerializedColumn
#         __class__: astropy.utils.masked.core.MaskedNDArray
#         data: !astropy.table.SerializedColumn {name: dec}
#     pl_bmassj:
#       __class__: astropy.units.quantity.Quantity
#       unit: !astropy.units.Unit {unit: jupiterMass}
#       value: !astropy.table.SerializedColumn
#         __class__: astropy.utils.masked.core.MaskedNDArray
#         data: !astropy.table.SerializedColumn {name: pl_bmassj}
#     pl_dens:
#       __class__: astropy.units.quantity.Quantity
#       unit: !astropy.units.Unit {unit: g / cm3}
#       value: !astropy.table.SerializedColumn
#         __class__: astropy.utils.masked.core.MaskedNDArray
#         data: !astropy.table.SerializedColumn {name: pl_dens}
#     pl_eqt:
#       __class__: astropy.units.quantity.Quantity
#       unit: &id002 !astropy.units.Unit {unit: K}
#       value: !astropy.table.SerializedColumn
#         __class__: astropy.utils.masked.core.MaskedNDArray
#         data: !astropy.table.SerializedColumn {name: pl_eqt}
#     pl_orbper:
#       __class__: astropy.units.quantity.Quantity
#       unit: !astropy.units.Unit {unit: d}
#       value: !astropy.table.SerializedColumn
#         __class__: astropy.utils.masked.core.MaskedNDArray
#         data: !astropy.table.SerializedColumn {name: pl_orbper}
#     pl_orbsmax:
#       __class__: astropy.units.quantity.Quantity
#       unit: !astropy.units.Unit {unit: AU}
#       value: !astropy.table.SerializedColumn
#         __class__: astropy.utils.masked.core.MaskedNDArray
#         data: !astropy.table.SerializedColumn {name: pl_orbsmax}
#     pl_radj:
#       __class__: astropy.units.quantity.Quantity
#       unit: !astropy.units.Unit {unit: jupiterRad}
#       value: !astropy.table.SerializedColumn
#         __class__: astropy.utils.masked.core.MaskedNDArray
#         data: !astropy.table.SerializedColumn {name: pl_radj}
#     ra:
#       __class__: astropy.units.quantity.Quantity
#       unit: *id001
#       value: !astropy.table.SerializedColumn
#         __class__: astropy.utils.masked.core.MaskedNDArray
#         data: !astropy.table.SerializedColumn {name: ra}
#     st_mass:
#       __class__: astropy.units.quantity.Quantity
#       unit: !astropy.units.Unit {unit: Msun}
#       value: !astropy.table.SerializedColumn
#         __class__: astropy.utils.masked.core.MaskedNDArray
#         data: !astropy.table.SerializedColumn {name: st_mass}
#     st_rad:
#       __class__: astropy.units.quantity.Quantity
#       unit: !astropy.units.Unit {unit: Rsun}
#       value: !astropy.table.SerializedColumn
#         __class__: astropy.utils.masked.core.MaskedNDArray
#         data: !astropy.table.SerializedColumn {name: st_rad}
#     st_teff:
#       __class__: astropy.units.quantity.Quantity
#       unit: *id002
#       value: !astropy.table.SerializedColumn
#         __class__: astropy.utils.masked.core.MaskedNDArray
#         data: !astropy.table.SerializedColumn {name: st_teff}
#     sy_gaiamag:
#       __class__: astropy.units.quantity.Quantity
#       unit: !astropy.units.Unit {unit: mag}
#       value: !astropy.table.SerializedColumn
#         __class__: astropy.utils.masked.core.MaskedNDArray
#         data: !astropy.table.SerializedColumn {name: sy_gaiamag}
# schema: astropy-2.0
ra dec pl_name hostname pl_orbeccen pl_orbsmax pl_orbper st_mass pl_bmassj pl_radj pl_dens pl_eqt st_rad st_teff sy_gaiamag
[from data line 5123]
295.9755645 44.7133739 "Kepler-1533 b" Kepler-1533 0.0 0.9625 308.5471 1.31 0.0372 0.309 1.57 330.0 1.51 6431.0 13.1678
284.0566675 41.5767277 "Kepler-1627 b" Kepler-1627 0.0 0.0643 7.20283653 0.87 0.0415 0.329 1.44 794.0 0.84 5445.0 13.0492
293.5111889 45.1366252 "Kepler-395 b" Kepler-395 0.0 0.061 7.054346 0.62 0.0034 0.092 5.43 576.0 0.56 4262.0 15.9585
172.1261621 43.9662025 "HD 99706 b" "HD 99706" 0.25 1.98 841.0 1.46 1.23 1.22 0.835 nan 5.52 4862.0 7.37747
179.7058532 -3.3894613 "EPIC 201238110 b" "EPIC 201238110" nan nan 28.1656 0.41 0.0131 0.167 3.5 nan 0.37 3587.0 15.2612
15.5881733 -10.4246208 "HIP 4845 b" "HIP 4845" 0.25 0.176 34.15 0.62 0.04531 0.347 1.34 nan 0.6 4010.0 9.37826
291.9641255 42.6961308 "Kepler-710 b" Kepler-710 0.0 0.0524 4.34728553 0.94 0.0132 0.168 3.47 1174.0 0.91 5611.0 15.0109
295.7852423 40.4395753 "Kepler-308 b" Kepler-308 0.0 0.09 9.694928 0.92 0.0162 0.189 2.96 833.0 0.94 5895.0 15.8506
286.0790779 39.278237 "Kepler-235 e" Kepler-235 0.0 0.213 46.183669 0.58 0.0175 0.198 2.79 306.0 0.55 4255.0 15.9695
299.8305655 47.1575741 "Kepler-267 b" Kepler-267 0.0 0.037 3.353728 0.54 0.119 0.177 26.8 615.0 0.56 4258.0 15.4693
294.4418031 40.5575408 "Kepler-304 d" Kepler-304 0.0 0.08 9.653471 0.8 0.0252 0.245 2.11 611.0 0.69 4731.0 14.8308
288.230615 42.4136181 "Kepler-584 b" Kepler-584 0.0 0.2281 35.1810304 1.17 0.0519 0.376 1.22 664.0 1.24 6195.0 14.8141
301.7207775 44.4120856 "Kepler-436 b" Kepler-436 0.19 0.339 64.00205 0.73 0.0249 0.24 2.13 322.0 0.7 4651.0 15.8616
263.8960378 61.6793482 "GJ 685 b" "GJ 685" 0.0 0.1344 24.16 0.55 0.02832 0.263 1.93 nan 0.54 3816.0 9.1671
319.2250346 27.2582799 "HD 202696 b" "HD 202696" 0.011 1.566 517.8 1.91 1.996 nan nan nan 6.43 5040.0 7.95929
184.4713308 -55.9755805 "HD 106906 b" "HD 106906" nan 650.0 nan 1.5 11.0 1.11 10.1 1800.0 2.12 6516.0 7.68639
295.6486585 48.4955191 "Kepler-466 c" Kepler-466 0.0 0.0465 3.70921385 1.04 0.0066 0.112 5.91 1206.0 1.05 5927.0 12.7632
296.4358022 44.6415369 "Kepler-34 b" Kepler-34 0.182 1.0896 288.822 1.05 0.22 0.764 0.613 nan 1.16 5913.0 14.8297
291.9600082 44.9000587 "Kepler-389 c" Kepler-389 0.0 0.11 14.51143 0.81 0.00859 0.13 4.82 636.0 0.79 5376.0 15.7495
292.2196 44.6173667 "Kepler-42 b" Kepler-42 0.04 0.0116 1.2137672 0.13 0.00126 0.07 4.62 519.0 0.17 3068.0 14.9931
292.4210998 37.6827919 "Kepler-356 b" Kepler-356 0.0 0.057 4.612696 1.17 0.00972 0.14 4.39 1294.0 1.33 6133.0 12.9654
300.9295551 44.028671 "Kepler-946 b" Kepler-946 0.0 0.1002 11.79162572 0.94 0.0138 0.172 3.35 857.0 0.93 5665.0 14.9234
265.694875 -24.261 "OGLE-2012-BLG-0358L b" OGLE-2012-BLG-0358L nan 0.87 nan 0.02 1.85 1.2 1.34 nan nan nan nan
203.6087259 -66.5811639 "POTS-1 b" POTS-1 nan 0.03734 3.1606296 0.69 2.31 0.941 3.44 nan 0.59 4400.0 17.2604
209.3199062 -56.0404085 "HD 121504 b" "HD 121504" 0.03 0.33 63.33 1.62 1.51 1.21 1.05 nan 1.07 6027.0 7.39023
291.7172776 44.8873466 "Kepler-726 b" Kepler-726 0.0 0.1406 21.80451088 0.88 0.0336 0.291 1.7 543.0 0.85 5452.0 15.035
300.5171067 44.3815508 "Kepler-79 c" Kepler-79 0.03 0.187 27.4029 1.17 0.019 0.332 0.62 734.0 1.3 6174.0 13.8825
290.067994 46.5791535 "Kepler-739 b" Kepler-739 0.0 0.1054 12.53248465 0.93 0.0346 0.296 1.65 775.0 0.9 5601.0 15.4527
296.1125759 39.9787451 "Kepler-80 e" Kepler-80 0.0 0.0491 4.64489 0.73 0.01299 0.143 3.75 629.0 0.68 4540.0 14.7555
299.2216728 44.6939033 "Kepler-803 b" Kepler-803 0.0 0.2678 50.28638192 1.05 0.0434 0.338 1.39 543.0 1.12 5919.0 13.63
269.048889 -30.5283604 "OGLE-2017-BLG-0482L b" OGLE-2017-BLG-0482L nan 1.8 nan 0.2 0.028 0.263 1.93 nan nan nan nan
200.7335358 24.4639425 "GJ 3779 b" "GJ 3779" 0.07 0.026 3.0232 0.27 0.02517 0.245 2.11 nan 0.28 3324.0 11.6266
284.7478834 46.3735415 "Kepler-1853 b" Kepler-1853 0.0 0.2395 48.88819885 0.77 0.00918 0.135 4.58 386.0 0.79 4821.0 15.0482
291.2250888 44.9272918 "KOI-1257 b" KOI-1257 0.772 0.382 86.647661 0.99 1.45 0.94 2.1 511.0 1.13 5520.0 14.6419
240.4810052 -21.980492 "HIP 78530 b" "HIP 78530" nan 740.0 nan 2.5 23.0 1.07 23.2 2700.0 2.11 10500.0 7.14665
296.0818498 39.161614 "Kepler-817 b" Kepler-817 0.0 0.0493 3.99010623 1.03 0.189 0.806 0.449 1124.0 1.03 5861.0 15.5969
291.2697354 42.0960305 "Kepler-945 b" Kepler-945 0.0 0.2037 31.0033814 0.97 0.0233 0.235 2.24 616.0 0.97 5718.0 15.8596
297.3012497 43.1418313 "Kepler-875 b" Kepler-875 0.0 0.1771 27.5073799 1.06 0.0275 0.259 1.97 569.0 1.11 5958.0 15.2096
286.2717162 43.5952037 "Kepler-886 b" Kepler-886 0.0 0.067 6.24146367 1.1 0.0092 0.136 4.57 1111.0 1.16 6098.0 13.8936
298.5891948 40.7506921 "Kepler-911 b" Kepler-911 0.0 0.1549 20.310501 1.34 0.0229 0.232 2.27 931.0 1.99 6112.0 11.8295
293.3450181 39.2577469 "Kepler-1698 b" Kepler-1698 0.0 0.0203 1.2107 0.82 0.00394 0.096 5.56 1351.0 0.74 4975.03 12.8761
278.9020691 6.4795703 "CoRoT-29 b" CoRoT-29 0.082 0.0386 2.85057 0.97 0.85 0.9 1.45 nan 0.9 5260.0 15.2394
290.1563633 48.818971 "Kepler-957 b" Kepler-957 0.0 0.0559 5.90741354 0.81 0.0816 0.491 0.855 769.0 0.75 4963.0 15.6906
299.6604865 46.1984679 "Kepler-999 b" Kepler-999 0.0 0.0681 5.99185702 1.29 0.0191 0.209 2.61 1355.0 1.65 6237.0 12.2343
271.303917 -27.2932333 "MOA-2010-BLG-353L b" MOA-2010-BLG-353L nan 1.72 nan 0.18 0.27 0.994 0.346 nan nan nan nan
53.8694682 -25.7393857 "UZ For b" "UZ For" 0.04 5.9 5840.0 0.7 6.3 nan nan nan nan 5286.9 16.6937
137.3794986 16.3558324 "K2-374 b" K2-374 nan nan 4.521953 0.73 0.00996 0.142 4.3 nan 0.91 5789.0 12.6473
79.9516586 21.2591617 "K2-397 b" K2-397 nan nan 3.572326 0.94 0.0202 0.216 2.5 nan 0.97 5387.0 11.6421
232.5552584 -23.0067371 "K2-407 b" K2-407 nan nan 4.941907 0.88 0.0069 0.114 5.7 nan 0.93 5563.0 11.9956
298.9721472 44.1323499 "Kepler-1038 c" Kepler-1038 0.0 0.0692 7.1276598 0.87 0.00816 0.126 5.01 784.0 0.82 5159.0 14.8561
25.471524 2.7044193 "HD 10442 b" "HD 10442" 0.132 2.01 1032.3 1.01 1.487 1.21 1.03 nan 1.97 4912.0 7.57742
219.0032292 9.7454368 "HD 128311 c" "HD 128311" 0.159 1.74 921.538 0.83 3.789 1.16 3.01 nan 0.76 4965.0 7.16719
292.7376545 42.0147792 "Kepler-1902 b" Kepler-1902 0.0 0.0385 3.82222009 0.52 0.00546 0.105 5.88 601.0 0.51 3729.0 15.662
26.0093029 -15.9337987 "tau Cet h" "tau Cet" 0.23 0.243 49.41 0.78 0.00576 0.106 5.97 nan 0.83 5310.0 3.24854
283.9203211 4.2649344 "HD 175541 b" "HD 175541" 0.11 0.975 298.43 1.39 0.598 1.26 0.373 nan 4.19 5013.0 7.75927
12.809613 6.8464327 "K2-218 b" K2-218 nan nan 8.679885 1.05 0.0224 0.229 2.31 nan 1.01 5757.0 12.7137
229.2745954 71.8239428 "11 UMi b" "11 UMi" 0.08 1.53 516.21997 2.78 14.74 1.09 13.8 nan 29.79 4213.0 4.56216
96.1820205 -28.7806402 "HD 45184 b" "HD 45184" 0.07 0.0644 5.8854 1.03 0.0384 0.314 1.54 nan 1.08 5869.0 6.21037
291.7415821 37.6888103 "Kepler-1064 b" Kepler-1064 0.0 0.1183 16.54080322 0.85 0.00951 0.138 4.46 570.0 0.79 5153.0 13.7409
63.2182348 24.2047218 "K2-91 b" K2-91 0.09 0.0164 1.419549 0.29 0.0043 0.098 5.66 nan 0.28 3622.0 14.3219
189.0015173 -2.6696217 "K2-154 c" K2-154 nan 0.0677 7.95486 0.65 0.0155 0.185 3.06 552.0 0.63 4097.0 13.3173
285.7174414 44.7583487 "Kepler-1389 b" Kepler-1389 0.0 0.3869 99.2530951 0.81 0.0119 0.158 3.75 300.0 0.74 5078.0 14.6836
288.0119248 46.1176003 "Kepler-346 c" Kepler-346 0.0 0.168 23.851549 0.95 0.0303 0.274 1.83 654.0 1.02 6033.0 15.1549
282.2325197 43.6655662 "Kepler-83 d" Kepler-83 0.0 0.051 5.169796 0.58 0.077 0.173 18.5 569.0 0.59 4648.0 15.7832
298.1147862 48.4943834 "Kepler-919 b" Kepler-919 0.0 0.0981 11.04603384 1.15 0.0179 0.201 2.74 869.0 1.21 6113.0 14.6785
293.6012911 42.379791 "Kepler-944 b" Kepler-944 0.0 0.2288 43.3167737 0.86 0.0233 0.235 2.24 459.0 0.83 5409.0 15.7109
284.998698 50.1466922 "Kepler-1712 b" Kepler-1712 0.0 0.0903 13.81499958 0.52 0.0184 0.204 2.69 391.0 0.51 3732.0 14.1997
296.1313474 47.4388098 "Kepler-1738 b" Kepler-1738 0.0 0.0781 7.67463016 1.08 0.0263 0.252 2.04 957.0 1.0 6063.0 15.4178
297.2121215 43.643789 "Kepler-1642 b" Kepler-1642 0.0 0.1016 12.2057513 0.88 0.0325 0.285 1.73 895.0 0.84 5355.0 14.1012
293.8045041 38.6390517 "Kepler-415 c" Kepler-415 0.0 0.0695 8.708 0.67 0.0148 0.201 3.18 543.0 0.64 4362.0 15.841
281.1123072 43.2277663 "Kepler-431 d" Kepler-431 0.0 0.1045 11.922 1.07 0.00444 0.1 5.67 856.0 1.09 6004.0 11.9291
299.2681646 45.2272852 "Kepler-329 c" Kepler-329 0.0 0.113 18.684737 0.6 0.0138 0.172 3.35 402.0 0.52 4257.0 15.4312
284.0945699 41.1828131 "Kepler-971 b" Kepler-971 0.0 0.0827 9.59070716 0.88 0.0163 0.19 2.95 1087.0 0.85 5431.0 13.2181
86.7761233 -10.6303217 "DMPP-1 b" DMPP-1 0.083 0.1462 18.57 1.21 0.07636 0.472 0.901 877.0 1.26 6196.0 7.85032
73.460097 -17.776194 "GJ 180 b" "GJ 180" 0.07 0.092 17.133 0.43 0.02042 0.217 2.49 nan 0.41 3371.0 9.93395
289.8615609 43.4727412 "Kepler-341 e" Kepler-341 0.0 0.242 42.473269 1.0 0.0145 0.178 3.22 539.0 1.02 6012.0 14.5672
286.830312 42.2791434 "Kepler-38 b" Kepler-38 0.032 0.4632 105.599 0.94 0.384 0.384 nan 475.0 1.75 5623.0 13.9066
290.4931471 39.7855117 "Kepler-1762 b" Kepler-1762 0.0 0.204 29.53910065 1.3 0.0253 0.246 2.1 714.0 1.24 6572.0 15.083
284.4099503 41.2374928 "Kepler-200 c" Kepler-200 0.0 0.09 10.222157 0.98 0.00993 0.142 4.31 806.0 0.94 5678.0 13.9518
67.1484425 -25.1713396 "GJ 3293 e" "GJ 3293" 0.21 0.08208 13.2543 0.42 0.01032 0.145 4.16 nan 0.4 3466.0 10.9788
62.3228353 -53.3711768 "GJ 163 b" "GJ 163" 0.073 0.0607 8.63182 0.4 0.03335 0.29 1.7 nan 0.41 3500.0 10.6771
236.7235392 46.986288 "HD 141399 d" "HD 141399" 0.074 2.09 1069.8 1.07 1.18 1.22 0.801 nan 1.39 5600.0 7.00926
161.0866672 -33.5776794 "HD 93083 b" "HD 93083" 0.14 0.477 143.58 0.7 0.37 1.2 0.269 nan 0.85 4995.0 8.04206
263.3395365 5.7008254 "HD 159243 c" "HD 159243" 0.075 0.8 248.4 1.12 1.9 1.2 1.38 nan 1.12 6123.0 8.51188
253.4316451 11.9736828 "HD 152581 b" "HD 152581" 0.04 1.66 686.5 1.3 1.869 1.2 1.36 nan 5.14 5027.0 8.12746
176.2097267 -58.7040134 "HD 102117 b" "HD 102117" 0.12 0.15 20.8133 1.06 0.17 0.756 0.489 nan 1.23 5655.0 7.28191
307.0792427 18.7692509 "HD 195019 b" "HD 195019" 0.01 0.14 18.20132 1.21 3.98 1.16 3.16 nan 1.48 5751.0 6.72911
346.8701486 21.1340376 "HR 8799 d" "HR 8799" 0.6 24.0 37000.0 1.5 10.0 1.2 7.5 1300.0 1.49 7204.58 5.90914
91.7996988 -61.9972098 "TOI-220 b" TOI-220 0.032 0.08911 10.695264 0.83 0.04342 0.27 2.73 805.0 0.86 5298.0 10.1897
267.8677483 -29.8764758 "OGLE-TR-10 b" OGLE-TR-10 0.82 0.0434 3.101278 1.14 0.62 1.25 0.4 1702.0 1.17 5950.0 15.6845
268.75238 -31.4690552 "OGLE-2014-BLG-1722L c" OGLE-2014-BLG-1722L nan 1.7 nan 0.4 0.263 0.978 0.346 nan nan nan nan
291.6577923 48.0092619 "Kepler-1191 b" Kepler-1191 0.0 0.0587 5.60014851 0.85 0.00909 0.135 4.61 952.0 0.81 5308.0 15.3125
187.6314027 -1.1609171 "K2-258 b" K2-258 nan 0.149 19.0921 1.21 0.0292 0.268 1.89 831.0 1.31 6351.0 13.1388
290.5267975 38.1428283 "Kepler-1063 b" Kepler-1063 0.0 0.1176 14.07971466 1.09 0.00889 0.133 4.7 931.0 1.14 5945.0 nan
329.3332489 -37.7641354 "HD 208487 b" "HD 208487" 0.24 0.524 130.08 1.13 0.52 1.27 0.317 nan 1.2 6067.0 7.33164
231.2323227 58.9661403 "iot Dra b" "iot Dra" 0.701 1.453 510.8544 1.54 11.82 1.1 10.8 nan 11.79 4504.0 2.96828
289.9308779 40.0977109 "Kepler-1032 b" Kepler-1032 0.0 0.0361 3.29011795 0.77 0.0131 0.167 3.5 802.0 0.71 4647.0 15.7993
16.6550286 10.1897385 "K2-221 b" K2-221 nan nan 2.399094 1.01 0.0109 0.15 4.02 nan 0.95 5716.0 12.4149
291.1587635 40.7502108 "Kepler-240 b" Kepler-240 0.0 0.048 4.144495 0.75 0.00771 0.122 5.24 864.0 0.74 4985.0 15.6622
288.4957831 51.0819286 "Kepler-155 b" Kepler-155 0.0 0.056 5.931194 0.64 0.0158 0.186 3.02 614.0 0.62 4508.0 14.24
202.251206 -4.6100532 "K2-200 b" K2-200 nan nan 2.849883 0.86 0.00766 0.122 5.26 nan 0.79 5233.0 12.2315
21.1061587 1.7049101 "K2-211 b" K2-211 nan nan 0.669532 0.88 0.00705 0.116 5.6 nan 0.79 5360.0 12.9329
88.5172191 -60.0237289 "HD 40307 f" "HD 40307" 0.02 0.247 51.76 0.77 0.0164 0.19 2.96 398.0 0.72 4956.0 6.84367
96.1820205 -28.7806402 "HD 45184 c" "HD 45184" 0.07 0.11 13.1354 1.03 0.0277 0.26 1.96 nan 1.08 5869.0 6.21037
205.3630485 -13.1608686 "K2-190 c" K2-190 nan nan 21.574023 0.9 0.00421 0.098 5.64 nan 0.91 5631.0 10.9586
125.9528309 22.6339399 "K2-276 b" K2-276 nan 0.1291 18.718269 0.82 0.043 0.336 1.4 583.0 0.85 5139.0 14.3792
167.3279228 -61.0952624 "OGLE-TR-182 b" OGLE-TR-182 0.0 0.051 3.9791 1.14 1.01 1.13 0.41 1550.0 1.14 5924.0 16.6783
298.3738383 40.6184483 KOI-1599.02 KOI-1599 0.0114 0.112293 13.6088 1.02 0.02832 0.17 7.21 755.0 0.97 5833.0 14.854
335.7596816 -10.4886817 "K2-69 b" K2-69 nan 0.0591 7.06599 0.55 0.0189 0.207 2.64 nan 0.49 4127.0 15.0572
178.0568745 2.5941222 "K2-14 b" K2-14 0.14 0.0627 8.36802 0.47 0.065 0.429 1.02 488.0 0.45 3789.0 15.5348
190.9484237 -8.4784159 "K2-227 b" K2-227 nan nan 13.621832 0.95 0.0107 0.149 4.06 nan 0.89 5673.0 11.4954
205.3758786 -9.9460704 "K2-292 b" K2-292 0.04 0.13 16.9841 1.0 0.07709 0.235 7.4 795.0 1.09 5725.0 9.75597
160.5941265 4.4413751 "K2-239 c" K2-239 nan 0.0576 7.775 0.4 0.00306 0.089 5.34 427.0 0.36 3420.0 13.4367
179.9397081 -5.7216879 "K2-158 c" K2-158 nan 0.0622 5.90279 0.92 0.00687 0.114 5.71 948.0 0.95 5503.0 11.6134
185.181563 -1.5909138 "K2-245 b" K2-245 nan 0.0959 11.89307 0.83 0.0546 0.387 1.17 923.0 1.25 5793.0 12.5639
287.9757213 39.087168 "Kepler-147 c" Kepler-147 0.0 0.216 33.416423 1.14 0.0204 0.217 2.48 689.0 1.47 6012.0 13.9151
183.6456643 -9.5626286 "K2-226 b" K2-226 nan 0.0413 3.27108 0.88 0.0094 0.137 4.5 1120.0 0.91 5424.0 12.0917
96.4105736 -31.4810037 "HD 45364 c" "HD 45364" 0.019 0.902 345.43 0.82 0.549 1.26 0.335 nan 0.89 5466.0 7.88016
296.0756231 45.6270165 "Kepler-1257 b" Kepler-1257 0.0 0.0376 2.66831376 0.9 0.0092 0.136 4.57 1252.0 0.87 5502.0 15.5124
291.8713535 44.0873907 "Kepler-1100 b" Kepler-1100 0.0 0.0684 6.42200058 1.21 0.0117 0.156 3.8 1000.0 1.34 6247.0 13.8225
286.8653826 41.9889571 "Kepler-152 b" Kepler-152 0.0 0.124 18.207973 0.83 0.0258 0.249 2.07 551.0 0.72 5088.0 14.2437
289.0648073 50.4609183 "Kepler-1327 b" Kepler-1327 0.0 0.1186 14.88801098 1.02 0.0123 0.161 3.67 831.0 1.03 5885.0 13.8837
230.1724206 -25.9910525 "HIP 75092 b" "HIP 75092" 0.42 2.02 926.4 1.28 1.79 1.2 1.27 nan 4.53 4891.0 6.82953
349.2071949 -21.2033101 "HIP 114933 b" "HIP 114933" 0.21 2.84 1481.6 1.39 1.94 1.2 1.41 nan 5.27 4823.0 6.97658
289.3644209 41.5332589 "Kepler-1879 b" Kepler-1879 0.0 0.0953 10.61340046 1.02 0.0155 0.184 3.07 987.0 1.39 5865.0 12.7877
290.6640856 43.4997866 "Kepler-1882 b" Kepler-1882 0.0 0.1151 13.78730011 1.07 0.00886 0.133 4.7 894.0 1.46 5691.0 12.4303
246.934277 -23.98115 "CFHTWIR-Oph 98 b" "CFHTWIR-Oph 98 A" nan 200.0 8040000.0 0.01 7.8 1.86 1.5 1800.0 0.24 2320.0 nan
58.2639299 -30.8046405 "NGTS-16 b" NGTS-16 0.0 0.0523 4.84532 1.0 0.667 1.3 0.38 1177.0 1.21 5550.0 14.2311
73.3553101 -32.8003484 "NGTS-15 b" NGTS-15 0.0 0.0441 3.27623 0.99 0.751 1.1 0.74 1146.0 0.95 5600.0 14.4299
72.9005729 -34.2262128 "NGTS-17 b" NGTS-17 0.0 0.0391 3.24253 1.02 0.764 1.24 0.5 1457.0 1.34 5650.0 14.2136
292.577073 39.120939 "Kepler-1741 b" Kepler-1741 0.0 0.0296 2.75759006 0.45 0.00681 0.114 5.75 615.0 0.42 3683.0 15.6903
292.3514917 48.5110714 "Kepler-1750 b" Kepler-1750 0.0 0.6785 205.9120026 0.98 0.0947 0.536 0.764 298.0 0.97 5644.0 15.5339
280.926162 44.0878036 "Kepler-1782 b" Kepler-1782 0.0 0.0582 5.75622988 0.79 0.0176 0.199 2.78 773.0 0.73 4931.0 13.7041
287.2921006 74.1742762 "TOI-1442 b" TOI-1442 nan 0.0071 0.4090677 0.29 0.00537 0.104 5.87 1072.0 0.31 3330.0 13.7652
296.7533555 49.3780726 "Kepler-1862 b" Kepler-1862 0.0 0.1199 16.05730057 0.9 0.0173 0.197 2.82 645.0 0.81 5644.0 15.8381
183.3730583 10.0404302 "HD 106252 b" "HD 106252" 0.48 2.61 1531.0 1.01 10.0 1.11 8.94 nan 1.1 5874.0 7.26281
188.3958418 7.2809064 "HD 109286 b" "HD 109286" 0.338 1.259 520.1 0.98 2.99 1.17 2.27 259.4 1.09 5694.0 8.61599
290.3814122 43.2930645 "Kepler-138 e" Kepler-138 0.112 0.1803 38.23 0.54 0.00135 0.071 4.67 292.0 0.54 3841.0 12.4715
292.0134714 49.0191267 "Kepler-1771 b" Kepler-1771 0.0 0.3815 88.64399719 0.94 0.0487 0.362 1.28 391.0 0.93 5661.0 13.7005
