confirmed_exoplanets_table_orbital_params.ecsv
# %ECSV 1.0
# ---
# datatype:
# - {name: ra, unit: deg, datatype: float64}
# - {name: dec, unit: deg, datatype: float64}
# - {name: pl_orbsmax, unit: AU, datatype: float64}
# - {name: pl_orbeccen, datatype: float64}
# - {name: pl_rvamp, unit: m / s, datatype: float64}
# - {name: pl_orbper, unit: d, datatype: float64}
# - {name: st_mass, unit: Msun, datatype: float64}
# - {name: pl_orbincl, unit: deg, datatype: float64}
# - {name: pl_orblper, unit: deg, datatype: float64}
# - {name: pl_orbtper, unit: d, datatype: float64}
# meta: !!omap
# - __serialized_columns__:
#     dec:
#       __class__: astropy.units.quantity.Quantity
#       unit: &id001 !astropy.units.Unit {unit: deg}
#       value: !astropy.table.SerializedColumn
#         __class__: astropy.utils.masked.core.MaskedNDArray
#         data: !astropy.table.SerializedColumn {name: dec}
#     pl_orbincl:
#       __class__: astropy.units.quantity.Quantity
#       unit: *id001
#       value: !astropy.table.SerializedColumn
#         __class__: astropy.utils.masked.core.MaskedNDArray
#         data: !astropy.table.SerializedColumn {name: pl_orbincl}
#     pl_orblper:
#       __class__: astropy.units.quantity.Quantity
#       unit: *id001
#       value: !astropy.table.SerializedColumn
#         __class__: astropy.utils.masked.core.MaskedNDArray
#         data: !astropy.table.SerializedColumn {name: pl_orblper}
#     pl_orbper:
#       __class__: astropy.units.quantity.Quantity
#       unit: &id002 !astropy.units.Unit {unit: d}
#       value: !astropy.table.SerializedColumn
#         __class__: astropy.utils.masked.core.MaskedNDArray
#         data: !astropy.table.SerializedColumn {name: pl_orbper}
#     pl_orbsmax:
#       __class__: astropy.units.quantity.Quantity
#       unit: !astropy.units.Unit {unit: AU}
#       value: !astropy.table.SerializedColumn
#         __class__: astropy.utils.masked.core.MaskedNDArray
#         data: !astropy.table.SerializedColumn {name: pl_orbsmax}
#     pl_orbtper:
#       __class__: astropy.units.quantity.Quantity
#       unit: *id002
#       value: !astropy.table.SerializedColumn
#         __class__: astropy.utils.masked.core.MaskedNDArray
#         data: !astropy.table.SerializedColumn {name: pl_orbtper}
#     pl_rvamp:
#       __class__: astropy.units.quantity.Quantity
#       unit: !astropy.units.Unit {unit: m / s}
#       value: !astropy.table.SerializedColumn
#         __class__: astropy.utils.masked.core.MaskedNDArray
#         data: !astropy.table.SerializedColumn {name: pl_rvamp}
#     ra:
#       __class__: astropy.units.quantity.Quantity
#       unit: *id001
#       value: !astropy.table.SerializedColumn
#         __class__: astropy.utils.masked.core.MaskedNDArray
#         data: !astropy.table.SerializedColumn {name: ra}
#     st_mass:
#       __class__: astropy.units.quantity.Quantity
#       unit: !astropy.units.Unit {unit: Msun}
#       value: !astropy.table.SerializedColumn
#         __class__: astropy.utils.masked.core.MaskedNDArray
#         data: !astropy.table.SerializedColumn {name: st_mass}
# schema: astropy-2.0
ra dec pl_orbsmax pl_orbeccen pl_rvamp pl_orbper st_mass pl_orbincl pl_orblper pl_orbtper
[from data line 2608]
312.3632611 33.6123832 0.00733 nan nan 0.71912603 0.1 89.44 nan nan
5.2758121 -33.8031679 6100.0 nan nan nan 0.61 nan nan nan
152.6991091 -24.4532674 19000.0 nan nan nan 1.19 nan nan nan
57.6572277 -15.0262251 0.369 0.448 302.0 76.8 1.13 89.59 137.6 nan
348.3372026 57.1696255 0.1463 0.148 1.92 22.717 0.81 nan 81.0 2449983.0
113.1842383 33.8350214 0.04995 0.0 82.7 3.47447 1.82 87.2 15.0 nan
282.9790593 40.7844188 0.117 0.04 nan 13.726976 1.1 89.9 nan nan
112.4192251 -29.9379163 0.06007 0.275 62.0 4.5776348 1.38 84.98 nan nan
180.165072 -45.7994559 0.06043 0.019 55.1 4.324799 1.57 83.29 nan nan
69.5523415 39.4580035 0.027 0.03 169.0 2.154849 0.53 88.7 100.0 nan
84.2992798 -80.4646041 3.311 0.642 193.978 2088.75851 1.1 54.436 331.015 2450034.39
149.1235154 -24.0991859 2.73 0.059 7.74 1628.0 1.02 nan 225.0 2454821.0
47.3841872 -34.1984808 0.249 0.14 3.8 47.73022 0.91 89.83 208.0 nan
10.0891431 61.2133868 0.106 0.5 2.91 18.08816 0.47 89.47 nan nan
57.6572277 -15.0262251 0.591 0.254 286.9 155.3 1.13 90.0 120.9 nan
337.5102738 -75.6465606 0.2263 0.237 6.11 35.806 1.2 nan -45.0 nan
327.7530693 -43.5623642 nan nan nan 9.151201 0.9 89.07 nan nan
39.4297435 80.2673838 0.04823 0.0 57.0 4.0664428 0.91 86.2 nan nan
164.8563364 -56.6235564 0.262 0.197 8.17 55.087 0.83 89.57 23.42 nan
289.6649171 50.0200612 0.0981 0.0 nan 11.6044881 0.93 89.74 nan nan
295.4980737 38.6444499 0.2588 0.0 nan 35.8007112 1.8 89.93 nan nan
285.2166767 41.2824449 0.0133 0.0 nan 0.62628177 0.79 81.02 nan nan
16.6538724 19.2249195 nan nan 3.4 1.8805136 0.34 88.47 nan nan
239.418989 -60.2006948 1.06 0.5 51.3 386.29999 1.07 nan 255.0 2451519.0
273.4988604 -42.5757218 5.42 0.734 71.0 5144.0 0.81 68.0 202.3 2453212.0
242.9019658 -27.0781199 0.45 0.31 242.7 103.95 1.2 nan 138.1 2454635.4
313.6872928 9.1790688 0.0535 0.0 nan 3.899052 1.34 86.7 nan nan
164.9324709 -82.2213501 0.0579 0.045 96.2 4.378081 1.36 80.3 -0.73 nan
0.7744866 -62.4693167 0.03166 0.108 152.0 2.1061607 0.96 82.28 nan nan
199.2155793 17.0160384 0.088 0.232 10.507 10.49488 0.83 nan 259.222 2452305.407
144.2715659 81.3263096 2.325 0.095 203.632 622.97802 4.3 nan 227.963 2453031.768
94.7929552 73.8275672 0.0815 0.0 450.0 3.7650007 1.47 86.0 nan nan
314.2685227 31.6610186 0.02044 0.0 494.0 0.9689951 1.21 84.4 nan nan
174.0098693 -29.5433642 0.05025 0.079 399.0 4.7228124 0.76 87.96 56.0 nan
240.5492745 28.1696248 0.0488 0.0 116.0 3.94153 0.88 88.81 nan nan
225.8984524 -27.8431369 4.49 0.49 6.89 3568.0 0.95 nan 100.0 2452327.0
286.3363574 25.9204327 1.14 0.1 32.6 410.10001 1.7 nan 85.0 2450154.0
25.6233526 -53.7412852 2.015 0.15 18.1 989.2 1.11 nan 212.0 2453654.0
347.6219227 57.0294818 1.16 0.15 161.89 501.75 0.82 nan 277.59 2454487.38
4.4471631 -66.3589285 0.1097 0.251 32.0 11.53533 1.32 88.99 2.1 nan
335.6233145 -7.9563525 0.0214 0.0 nan 2.260455 0.26 88.9 0.0 nan
193.5524603 -46.5877159 0.0611 0.581 51.0 4.637038 1.42 87.3 nan nan
312.4574879 -24.4286938 0.0485 0.0 125.7 3.547851 1.21 86.2 155.0 nan
296.688442 -63.5656488 0.03199 0.306 170.0 1.8209993 1.32 86.9 nan nan
16.7786879 -75.1989452 0.03524 0.0 110.5 2.2554477 1.15 80.98 nan nan
62.966385 -37.93973 0.1208 0.0 nan 16.364988 0.95 89.25 0.0 nan
280.6872998 5.9376586 0.0436 0.0 280.0 2.99433 1.27 83.17 nan nan
88.1468079 -19.0316268 0.03623 0.0 63.0 3.3252725 0.57 88.21 nan nan
109.1045212 -31.2443947 0.03632 0.18 1460.0 1.8882378 1.78 86.7 nan nan
67.2228465 -21.4820568 0.0542 0.019 30.0 4.763387 0.94 89.3 204.0 nan
8.7401487 4.3807215 0.3885 0.15 1.33 96.63 0.84 nan nan nan
148.1851516 6.216103 0.158 0.122 3.34 25.7124 0.81 89.4 235.0 nan
148.1851516 6.216103 0.328 0.079 2.19 77.03 0.81 89.8 143.0 nan
316.324003 57.7710946 0.0567 0.36 12.5 8.112245 0.37 89.62 nan nan
23.507315 65.5139877 0.0377 0.32 7.3 5.7998164 0.21 88.67 nan nan
99.7345935 -36.64613 0.06608 0.05 78.0 5.0037775 1.54 82.54 159.0 nan
89.3712733 -83.1297264 0.312 nan nan 83.9997 0.56 89.83 nan nan
124.5328604 -68.3144658 0.0304 0.103 2.19 3.6906777 0.27 88.11 261.0 nan
271.5376722 26.4266061 0.061 0.25 232.5 5.00542 1.31 87.1 276.3 nan
47.3689472 30.6733817 0.0435 0.0 82.1 3.72247 1.42 89.8 146.0 nan
344.4453632 38.674919 0.05561 0.0 58.9 4.46529976 1.15 85.634 253.1 2463897.11172
335.5129199 45.4573423 0.0608 0.0 58.1 4.45724 1.03 88.3 nan nan
154.9081869 -9.8064431 0.0142 0.0 551.0 0.813475 0.58 82.6 90.0 nan
249.3148604 7.1833758 0.01985 0.15 271.0 0.925542 1.22 86.3 nan nan
131.5803897 -8.0269855 0.02677 0.019 391.5 1.53736596 1.08 83.15 nan nan
68.9598159 -64.027039 0.04574 0.0 213.0 2.84938 0.77 82.6 nan nan
126.9366624 17.5793267 0.0629 0.22 nan 5.1857539 0.69 89.027 72.97 nan
182.1662666 -8.7472172 0.0916 0.29 42.1 9.1751 1.08 77.46 82.6 nan
198.8436817 -6.4649888 nan nan nan 17.0428683 0.8 88.904 nan nan
98.3511016 -23.486086 0.05057 0.0 54.0 3.58572 1.41 85.0 nan nan
210.1935714 -30.5836084 0.0607 0.0 30.5 5.322023 1.06 85.0 nan nan
24.3544618 -45.6777937 0.035 0.015 nan 2.1558 1.22 nan 272.0 nan
330.7950219 18.8842419 0.04707 0.0 84.7 3.52474859 1.23 86.71 0.0 2451412.3085
60.3855387 -20.4509991 0.0323 0.047 403.0 2.2359835 0.9 83.3 356.0 nan
322.2537644 -58.8361466 0.0261 0.0 178.0 1.7690381 0.76 83.3 nan nan
45.9564744 83.5874273 1.27 0.0 15.5 500.0 0.99 nan 90.0 nan
45.9564744 83.5874273 0.0376 0.0 nan 2.6800535 0.99 nan 90.0 nan
97.7487104 66.3605956 0.045 0.0 14.3 3.770107 0.85 88.17 90.0 nan
300.9092476 29.894541 0.1304 0.237 4.84 17.111 0.98 nan 5.0 2454390.0
120.8691654 -1.1636019 9.408 0.207 16.57 10478.84437 1.01 93.938 201.295 2446117.61
268.8655417 -28.3060611 1.63 nan nan nan 0.18 nan nan nan
32.057635 -24.695575 4.1 0.563 48.2 2613.0 1.35 nan 265.0 2462162.0
228.3675397 -25.3096721 5.8 0.12 9.3 5000.0 1.1 nan 195.0 2461100.0
202.5040424 10.3725387 0.422 0.45 1.15 140.43 0.51 nan -143.0 2458696.21
229.7756438 41.732423 1.29 0.25 44.7 464.29999 1.48 nan 12.0 2455228.0
33.1780708 -53.7437591 0.2554 0.156 2.18 53.753 0.77 nan nan nan
262.5448903 -51.6377777 1.735 0.319 125.172 1051.44521 0.63 48.919 87.073 2453307.813
262.5448903 -51.6377777 9.726 0.295 89.694 13921.42302 0.63 33.69 263.949 2441945.793
27.5271962 -54.4651633 0.923 0.169 17.021 228.53731 2.01 nan 82.15 2454961.962
43.9140248 26.8723829 0.088 0.224 3.614 10.2851 0.85 nan 60.123 2427146.014
43.9140248 26.8723829 17.53 0.194 43.943 28982.41764 0.85 35.98 313.318 2427146.014
289.7917561 39.2852655 nan 0.125 5.8 841.4 0.94 nan 313.0 nan
284.5483823 -47.0033072 0.0525 nan 80.0 4.1662739 1.11 88.61 nan nan
234.8578846 -20.1988975 0.0923 0.0 3.3 9.21165 1.19 88.14 90.0 nan
26.7932253 3.1329325 0.05427 nan 35.7 4.5195064 1.04 88.38 nan nan
18.9953122 21.6169065 0.06 0.33 530.29 5.026799 1.22 83.59 173.0 nan
7.7095292 -40.5734613 0.0663 0.0 99.0 5.367753 1.35 87.1 nan nan
5.1605621 -23.9357894 0.06 0.0 32.8 4.8996284 1.2 85.56 nan nan
285.7739138 -11.044941 0.06296 0.066 2.56 6.4898 0.79 nan 249.0 2455502.9
291.2873731 -66.4677838 3.0 0.48 11.3 2172.0 0.78 nan -30.0 2452154.0
236.7235392 46.986288 0.689 0.048 44.2 201.99 1.07 nan -140.0 2456838.0
133.820353 -67.2653621 1.091 0.8782 178.1 415.891 1.0 nan 1.2 2454812.47
183.4724742 -0.3934357 0.0907 0.093 3.63 9.55237 1.09 87.54 239.0 nan
345.7838088 -0.4303594 2.446 0.311 231.499 1301.36009 1.14 69.767 100.167 2453432.026
28.2106607 -19.507396 0.75 0.233 11.757 223.95986 1.12 nan 217.662 2452977.836
264.7466665 -43.1462347 2.32 0.024 37.92 1184.1 1.19 nan 63.0 2453670.0
88.6260731 -19.7044472 0.041 0.14 4.08 3.2498 0.87 nan 102.97 nan
38.8323674 -3.5624887 0.36 0.25 12.0 75.523 1.11 nan 42.0 2450338.1
179.5479558 -23.9241221 0.439 0.19 1.77 120.878 0.77 nan 127.74 nan
282.4922622 43.9802442 0.125387 0.0 nan 15.0 1.18 89.96 nan nan
287.6979913 42.3385782 0.0936 0.076 3.38 10.8540774 0.93 89.815 nan nan
287.6979913 42.3385782 0.0637 0.092 0.28 6.0984882 0.93 87.63 nan nan
287.6979913 42.3385782 0.2055 0.15 4.1 34.94 0.95 nan nan nan
297.3330716 41.8911186 0.1684 0.022 18.3 22.342989 1.28 89.871 nan nan
297.4537402 41.0110188 4.2 0.65 nan 2500.0 1.5 nan -89.0 2455911.0
171.2749348 41.0280207 0.0494 0.23 548.3 4.12448 1.24 87.2 305.8 nan
274.4055335 36.6214617 0.04073 0.0 138.0 2.78849 1.04 86.75 nan nan
140.1029654 33.8823291 0.05362 0.0 55.5 4.35301 0.72 85.43 nan nan
62.670422 24.4016558 0.04217 0.066 103.5 3.2588321 0.94 86.656 132.0 2457383.43
246.4380471 -33.5672217 0.522 0.207 171.5 116.596 1.38 nan 80.21 nan
247.1171311 -13.3996231 1.04 0.16 27.7 331.5 1.64 nan 277.0 2453991.0
253.3732313 -46.3333582 4.187 0.532 40.76 2918.92 1.15 nan 332.905 2456173.2
257.520697 -56.4498041 0.6 0.61 225.0 163.94 1.18 nan 265.28 2454520.0
257.816194 -56.681038 1.29 0.46 48.3 408.60001 1.96 nan 57.0 2453572.5
56.3906096 37.1122803 nan 0.0 3.51 103.0 0.45 nan 90.0 nan
341.652714 -56.5997984 0.05 0.16 3.0 3.93404 0.67 nan 96.0 2454858.95
294.6741507 42.0756037 0.064 0.0 nan 5.960392 0.99 85.57 nan nan
289.7528323 41.631884 0.04178 0.16 nan 3.6001053 0.76 88.0 nan nan
289.7528323 41.631884 0.04881 0.31 nan 4.5458841 0.76 88.2 nan nan
297.0188074 50.409046 0.047794 0.0 2.18 3.56809693 1.16 85.83 nan nan
283.2125621 45.3496992 0.718 0.0 nan 267.291 0.69 89.9 nan nan
297.8423073 46.5743595 0.05 0.0 nan 5.90124 0.58 89.92 nan nan
297.8423073 46.5743595 0.09 0.0 nan 8.7522 0.58 89.97 nan nan
207.5808445 -39.9008996 4.807 0.586 113.048 2523.64713 2.32 82.107 119.376 2451239.362
26.2324076 20.0826974 2.051 0.104 114.583 1075.3799 0.99 86.116 112.816 2449333.898
174.2008941 -37.0391349 4.55 0.118 53.447 2675.57603 1.75 85.093 111.481 2454396.523
186.4409852 -64.0223492 0.102 0.53 25.1 10.8985 1.22 nan 308.0 2450828.86
256.1292826 -43.3103753 1.28 0.34 69.2 499.39999 1.25 nan 308.2 2454502.0
187.6126029 22.8794399 1.04 0.13 37.3 394.48123 1.1 nan 30.0 2451310.6
290.4209694 37.8516556 0.0846 0.41 2.13 9.28699 0.94 89.94 59.1 nan
171.9802779 -66.4345736 115.0 nan nan nan 1.1 nan nan nan
268.4181383 56.3924701 2.39 0.08 38.37 1272.0 1.12 nan 274.0 2455111.0
188.397397 -11.6215204 0.079 0.25 5.6 7.8543 1.05 nan -64.0 2455719.1
34.5609102 65.5941901 0.154 0.02 55.3 19.382 1.29 nan 185.0 nan
175.875608 -58.0053798 0.3 0.11 18.1 70.46 0.57 nan 251.0 2453145.0
196.233933 -52.4463502 2.44 0.2 22.6 1818.0 0.58 nan 280.0 2456741.0
5.1317548 30.9750611 1.492 0.095 18.97 577.2 1.33 nan 216.0 2463760.0
340.8380941 -6.4020685 0.057638 0.0 0.772 5.75999 0.77 nan nan nan
200.1646905 24.6484725 1.65 0.0 36.6 670.0 0.83 nan 40.0 2455220.0
298.0191857 28.0999769 1.203 0.137 37.6 461.2 1.09 nan 222.0 2451787.0
157.2288672 0.8378485 0.05402 nan 1.01 7.02679 0.43 nan nan 2458002.72
130.6047813 4.5772338 3.678 0.377 113.94 2448.48726 1.1 120.162 271.934 2448568.53
43.3636339 -8.8480392 3.87 0.148 38.0 2278.0 1.49 69.0 265.0 2454730.0
303.8284712 -27.0337556 0.32 0.13 3.0 74.72 0.8 90.0 173.0 2455164.3
288.1624396 48.165153 0.0371 0.0 nan 2.5904434 0.92 83.9 nan nan
296.1882618 43.9368118 0.1485 0.0 nan 20.4905 0.96 89.98 nan nan
293.7936339 40.241023 0.0449 0.0 nan 3.89526 0.82 89.26 nan nan
190.7462412 -4.0501059 16.714 0.401 158.671 24469.67342 1.02 51.891 104.177 2441091.733
10.8027515 -37.9831248 1.28 0.899 97.033 526.5239 1.01 nan 319.514 2451145.39
236.6099205 7.3527684 0.1238 0.16 3.45 15.5083 1.05 nan 19.4806 nan
278.6818389 -28.0727849 2.57 0.234 50.7 1532.0 0.96 19.1 97.0 2463101.0
29.2884252 -10.2434693 0.229 0.3 4.65 37.91 0.91 nan 102.0 2454370.0
270.7787177 -28.5608343 1.331 0.35 60.66 641.472 0.77 nan 65.4 2452674.0
51.8040469 -58.3232726 0.2586 0.07 3.44 53.7357 0.8 nan -17.34 2455528.4064
238.4023547 68.7199779 0.0379 0.07 144.0 2.1974 1.51 nan nan 2456531.344
4.6762645 -8.0536206 0.1117 0.305 1.49 13.5052 1.02 nan 22.0 nan
245.7490012 -61.6901291 1.922 0.133 141.2 1008.0 0.93 nan -133.1 2455301.0
247.0723035 -46.3175085 2.45 0.52 17.5 1027.0 1.22 nan 35.0 2454707.0
5.2180424 -19.9314823 0.94 0.63 199.4 270.0 1.5 nan 294.0 2453526.3
167.7745044 30.4451688 1.4 0.105 5.14 749.83 0.65 nan 74.0 2454210.36
65.1975693 -59.4096776 5.362 0.343 92.016 5019.54244 0.81 101.524 334.378 2447991.499
349.6947029 18.6457524 5.657 0.811 268.248 4789.87297 1.04 122.816 145.683 2449391.191
292.8729292 41.0641727 0.03 0.11 110.0 2.455239 0.59 87.0 230.0 nan
39.2823371 54.8512152 0.0456 0.0 119.0 3.246075 1.2 87.9 nan nan
130.2951535 -16.0363275 0.02734 0.072 247.0 1.651144 1.0 78.38 94.0 2458516.57
144.1193594 -50.4630933 0.1038 0.435 nan 11.2366 1.18 87.63 70.47 nan
89.3712733 -83.1297264 0.056 nan nan 10.8772 0.56 88.19 nan nan
12.5467785 -83.7437671 0.2416 0.07 3.17 40.87 1.13 nan 8.0 nan
289.4792124 -32.8601244 0.04263 0.0 114.2 2.9776412 1.17 85.74 nan nan
299.9059167 45.4396103 0.0495 0.0 nan 4.45419434 0.93 88.16 nan nan
165.6904843 -16.4064445 0.01992 0.0015 nan 2.753436 0.14 89.34 nan nan
298.0794448 44.746248 0.1172 0.0 7.3 14.85888 0.97 88.07 nan nan
41.6391598 -0.4641252 0.0494 nan nan 3.634433 1.22 88.5 nan nan
126.5535002 12.281851 0.143 0.14 77.0 20.272615 0.95 88.82 104.0 nan
208.9014508 -6.1360833 0.0382 0.02 3.8 3.2253993 0.71 88.8 170.0 nan
160.748095 60.9641194 0.0234 0.0 259.0 1.540731 0.72 89.23 nan nan
227.5321527 72.7103128 0.051 0.03 74.0 3.660028 1.32 86.0 20.0 nan
23.5934253 -66.6763495 0.0814 0.066 2.25 9.15059 0.86 88.54 70.0 nan
28.2825719 52.0539209 0.06277 0.25 54.1 4.7947813 1.44 83.75 nan nan
276.8100527 20.5268868 0.075 0.07 75.0 8.60077 1.12 85.7 52.0 nan
14.5176494 -0.193258 0.0616 nan nan 6.9226 0.65 nan nan nan
313.7706819 24.360977 0.0199 0.02 346.0 1.630757 0.39 88.21 -42.0 nan
71.8244347 -17.1151736 0.0469 0.0 315.0 3.310651 1.25 87.6 nan nan
359.1915117 -22.1532316 0.0549 0.0 32.7 4.60273 1.04 87.9 nan nan
49.562173 -41.3020235 0.062 0.0 14.0 5.924262 0.92 88.9 nan nan
3.9617073 1.2005122 0.0394 0.0 478.0 2.71866 0.72 85.1 130.0 nan
76.0818912 -6.2297801 0.04317 0.0 94.8 3.16158 1.05 87.96 nan nan
263.46525 -24.8103611 2.18 nan nan nan 0.42 nan nan nan
349.5592665 -56.9039857 0.104 0.0 6.17 6.04345 0.92 88.938 nan nan
285.5739904 38.4008192 0.0273 0.0 4.535 1.592851 1.07 89.38 nan nan
164.5865592 -36.8581092 0.025 0.0 21.44 1.977143 0.42 87.21 nan nan
61.331654 20.1570318 0.2409 0.1 47.0 53.5 1.26 89.4 91.0 nan
188.3864277 -10.1462141 nan 0.28 9.6 1088.0 0.68 nan -120.0 2458520.0
328.1517893 -26.0271749 2.112 0.27 15.3 1155.7 0.94 nan 121.6 nan
225.8999745 -27.8415947 6.15 0.61 37.41 5769.0 0.93 nan 103.0 2450644.0
242.6021014 43.8163621 2.774 0.373 89.582 1765.0389 0.91 144.652 23.043 2449614.563
224.5892892 44.0428571 2.62 0.22 26.7 1544.0 1.23 nan 158.0 2452593.0
339.1025931 47.861683 230.0 nan nan nan 0.6 nan nan nan
329.7490639 19.0201591 1.063 0.02 29.45 358.27 1.25 nan -113.5 2456178.2
327.2487497 6.2781777 nan nan nan 5.38305 0.87 89.3 nan nan
113.8523276 -73.5774089 0.083 nan nan 19.288004 0.23 89.856 nan nan
217.9257785 83.3727061 0.04469 0.0 90.0 3.1774835 1.18 87.82 nan nan
134.7188514 21.0747961 0.0385 0.0 nan 5.746007 0.29 88.57 0.0 nan
133.1468373 28.3298154 0.1134 0.0 71.37 14.6516 0.91 89.73 -21.5 2453021.08
133.1468373 28.3298154 0.7708 0.08 5.14 259.88 0.91 89.73 -97.6 2447488.0
123.250703 4.7870288 0.04978 0.02 120.9 3.646706 1.24 87.3 248.0 nan
294.5132465 45.9816453 0.03101 0.0 84.0 1.8555582 1.15 82.51 nan nan
188.2662048 44.9153672 0.0241 0.063 334.7 1.32734683 1.03 87.13 51.0 2456698.61
256.9817998 32.1053027 0.127 0.0 1.1 16.34136 1.03 nan 90.0 nan
192.981203 -42.0736165 0.0561 0.062 64.8 4.9816819 0.95 88.0 159.0 nan
101.1149223 -32.8583878 0.02648 0.0 221.0 1.5732918 1.0 86.57 nan nan
318.7370122 -55.8718634 0.02335 0.022 386.0 1.43036763 0.83 82.8 nan nan
24.6051389 -55.7720006 0.03303 0.0 194.5 2.07276 1.18 88.0 nan nan
158.2250301 -34.9899074 0.0546 0.0 246.0 4.08605 1.33 85.9 nan nan
305.0957239 -19.3147271 0.06206 0.0 97.9 5.0843 1.49 88.1 nan nan
108.8251171 14.2626064 0.04651 0.07 83.0 3.35524 1.37 88.6 197.0 nan
217.3920159 39.7903991 0.088 0.0 5.2 10.355096 0.86 88.9 90.0 nan
239.9622479 -28.0617941 0.0515 0.0 59.2 3.73543 2.28 86.63 -82.6 nan
269.0042917 -32.7134722 2.13 nan nan nan 0.46 nan nan nan
